260 967
394 230
18 1193
1720 1260
1708 1944
819 1280
410 1233
708 1019
1043 1854
1892 1336
760 1668
1170 232
1809 1271
692 893
389 320
1534 1316
1003 1388
282 320
1538 519
1976 760
668 293
168 771
1546 428
359 513
555 1975
1078 1083
266 1264
619 1322
15 364
1466 1083
858 750
1755 1884
411 1771
220 1032
183 1274
976 1034
1716 1460
916 122
1648 486
1047 1434
1369 954
799 888
957 1514
970 780
864 1834
44 1993
428 416
657 1689
104 589
1985 1858
643 1833
1120 1413
1380 861
766 1791
95 52
955 490
1670 1628
1934 1917
1961 17
1875 1024
1013 877
834 633
818 913
1508 698
1767 900
1530 1997
605 535
823 1671
541 353
1598 229
1263 1769
344 131
1257 162
676 818
738 7
1637 1733
1246 982
1300 420
1275 862
1216 1950
608 1681
1161 388
1862 1101
1268 1739
1062 1569
1436 1308
1076 1267
1894 412
396 668
350 571
1336 1913
1656 1224
1296 1946
634 1494
1323 605
1432 884
239 659
618 925
578 1159
203 1489
1673 1854
958 1519
431 109
524 54
962 410
620 1164
1514 91
51 78
1190 26
451 889
117 166
1491 1366
1859 994
586 497
1578 676
646 1440
523 562
1051 577
1409 1212
1744 1541
1751 1613
1084 1820
193 60
759 1148
895 856
1455 874
126 748
1131 710
82 882
1485 1599
1423 641
1591 1478
1618 961
1774 389
1458 1623
1147 457
73 972
1888 641
1568 915
1942 1517
1445 1692
1256 679
1903 302
889 1216
993 1474
565 1888
1616 1877
1384 1236
1381 1254
934 867
303 1279
745 880
1558 1654
1849 120
1346 1006
1183 1911
685 932
654 696
605 1039
361 1089
1157 190
508 619
1718 1760
984 1994
1173 98
1801 1611
984 340
1947 694
137 1183
285 977
1201 1275
107 245
1013 712
1814 1973
1482 935
523 23
1154 1738
673 582
271 664
1973 1516
1083 769
705 1137
308 1945
940 1983
1762 1605
1555 1383
857 1265
239 1672
122 1599
923 1769
1690 73
175 1852
616 1637
1270 1826
1956 493
1308 195
337 306
1376 932
1221 1418
163 1778
1379 935
284 1723
1619 1312
433 634
674 861
1340 794
1668 662
156 1926
1451 429
503 1614
1443 1048
870 354
457 1274
1334 1236
879 1299
1837 1756
399 986
405 816
1197 758
177 1699
1678 1559
72 298
448 1860
1308 1309
779 1140
1207 780
119 80
187 747
143 1301
1226 1676
1909 1823
390 376
584 102
374 1663
1023 1292
1257 311
616 966
1351 1301
1934 1309
341 312
42 1845
682 1045
908 464
143 1243
1788 1106
1912 1555
693 797
1582 793
448 751
1298 1332
1769 1876
1920 489
594 135
192 971
212 540
1109 343
134 702
1974 1935
821 1193
436 1025
133 312
484 920
856 1989
119 1900
461 319
201 1071
1505 578
485 830
1034 191
1457 1890
421 1082
1942 889
1300 691
644 916
352 1589
1237 1283
195 1149
1097 1645
869 1626
286 1764
1214 403
1216 1139
530 914
1905 1699
1644 998
804 275
1153 1445
1390 1802
1318 310
264 1649
429 1466
42 101
1254 365
1611 473
190 148
1377 864
1362 582
1993 1212
1375 1730
305 1507
568 1292
243 1119
1970 492
1164 1080
668 1021
1770 754
787 172
1308 1448
681 182
1372 132
781 1970
228 1082
452 20
1157 1130
1879 1563
1569 513
562 1842
686 211
1707 483
16 1044
1789 737
1945 222
644 1087
67 273
464 1116
1269 887
593 478
1534 537
1500 84
926 361
1574 1653
226 774
308 1388
1104 1321
245 1979
839 1129
1229 1821
1477 537
1555 684
559 1064
1757 333
205 1362
911 971
1030 1246
405 1092
1065 1860
542 959
316 546
1101 1741
852 1776
1140 1042
1102 648
1425 1384
1099 915
1944 1643
1670 205
1201 1806
1058 1198
1810 77
167 283
157 103
1792 1110
1971 546
241 1484
449 288
1145 1804
1514 1793
72 846
314 55
511 1065
1747 1013
1449 5
3 359
1528 4
1035 1984
1712 109
229 125
649 361
192 375
376 1931
1255 1735
1514 737
911 892
895 1534
175 538
74 1803
412 1308
103 129
605 857
1395 910
872 1142
1909 1806
815 899
189 85
1843 1495
479 1875
1526 266
1465 1020
745 1936
1210 1067
1580 506
1761 221
7 719
1828 1328
365 439
1119 1077
729 1762
1348 1936
793 1499
476 1265
839 1751
50 1006
561 810
1176 1895
1834 1089
1154 401
1586 1877
388 1053
1569 839
1296 1330
1398 1323
1405 1836
849 739
1081 181
666 282
1745 1267
500 1178
812 5
471 1903
1908 935
1276 288
93 1130
164 787
1901 470
1811 1300
1478 845
362 736
1422 1055
39 600
1464 807
985 792
1800 152
1449 1745
1394 660
1957 1863
955 289
1510 1515
728 777
391 1512
316 418
530 106
209 1015
1141 1489
109 133
1045 1213
1485 365
576 522
719 1591
1123 5
242 906
1196 1640
1688 1516
1887 714
1742 809
515 1675
128 99
154 418
1528 1740
1152 555
1453 239
734 651
1632 1014
1910 357
994 1718
1841 1820
1593 62
984 113
300 1119
1444 562
743 1340
1514 795
1906 952
1617 1133
131 215
245 133
1688 66
1304 885
1244 1401
798 1043
1016 476
709 516
75 1345
1761 761
840 473
1359 293
1133 1211
1532 44
794 101
1336 603
939 1617
1665 1820
733 1165
287 1691
201 1060
1408 970
344 1668
1364 1090
793 1589
141 618
1388 779
1083 1661
1520 1642
1902 1386
858 792
299 131
921 1513
1865 301
1102 978
727 943
1036 1616
1753 48
901 1509
775 169
1055 931
293 1941
1373 59
1640 289
200 233
1611 1673
1885 1173
934 1601
1831 1564
342 265
1974 74
1103 385
146 1903
1375 810
556 522
1436 489
1662 1049
664 1068
1616 469
1086 1390
1520 235
693 954
137 1038
540 1646
1810 522
121 1809
1451 399
246 1030
446 23
1470 588
1623 513
645 448
669 272
717 1864
1798 1098
593 1073
255 1094
264 759
1369 1612
196 1045
949 866
1596 571
1263 1451
1739 1871
1195 493
1654 1278
1194 1865
685 882
1361 1413
1623 284
1391 1122
1535 841
1333 1079
313 1025
737 314
754 1176
495 1756
1023 575
847 1124
657 1830
197 496
798 1731
442 782
1587 1351
1163 658
1155 585
1159 1749
1758 583
638 98
588 1703
1680 408
1672 639
521 374
1325 1346
377 774
1049 101
17 1534
7 909
0 1575
1282 186
472 1989
1919 23
172 1004
441 1402
1468 1052
1204 1941
432 130
1056 1946
563 533
1383 349
981 298
540 436
1470 890
539 1725
617 1606
765 1137
828 245
1541 940
104 243
1160 1406
1870 1400
1191 332
646 939
689 153
1673 1929
1274 775
395 1399
494 1507
1538 1839
1953 376
1579 1907
1542 110
1910 1747
302 726
1254 604
640 1629
28 1702
1937 283
51 920
1654 1438
1275 1535
1287 1674
465 1035
1900 1828
955 629
1717 447
1365 531
191 997
597 319
811 983
603 684
561 1535
1404 1005
1661 1370
56 1229
1571 1122
1010 818
1042 1485
996 133
706 555
1298 1015
1166 1184
1993 601
903 1788
1978 1626
1812 1797
858 1023
265 1082
1925 1670
1908 1659
1570 1308
923 1690
505 1155
95 1681
1146 513
705 856
988 1024
602 1956
1257 453
230 1975
78 1010
1167 1254
1496 7
1299 1942
618 640
5 1870
937 923
25 10
1024 1800
755 1351
154 429
1815 75
1200 967
1279 878
478 1460
1917 1750
817 591
1712 1777
1035 98
23 720
1704 634
1114 1438
810 340
381 513
1322 1525
1669 826
610 428
120 1886
874 951
508 120
680 1617
1201 1925
135 361
590 1598
1395 1451
325 1751
1198 866
129 1090
1480 1174
867 1175
1847 1305
1573 112
1758 1532
1477 1411
278 1957
1050 1853
151 1168
1883 1647
1957 1703
1151 15
1575 242
941 1932
424 864
1045 1907
467 1720
506 446
1003 1757
690 459
1217 1465
536 1933
12 1477
1295 597
366 784
1672 1407
1843 1089
76 714
120 478
216 260
1555 1875
305 986
1088 1651
1768 1654
835 1054
1615 55
1977 1143
1644 1151
64 1483
1210 333
1747 1181
1097 852
121 1730
1556 769
1579 236
1756 1240
1958 218
607 1313
1361 1712
876 1640
1677 1971
1799 915
1451 1081
1241 878
1836 1908
38 584
1556 279
1456 611
1447 878
666 850
1791 900
1751 405
40 1389
1670 630
1363 1314
1685 1090
76 556
1476 754
1663 570
124 1982
1197 589
923 401
397 1810
964 1988
75 958
1065 126
709 166
1136 1582
817 1959
332 1783
546 959
856 498
957 1072
1118 624
1739 1940
1051 1268
687 1855
934 1025
441 124
603 1293
1428 820
334 136
1595 1250
787 982
1504 1944
546 525
967 775
1117 803
334 86
1085 1200
568 1588
748 1992
798 492
1913 1652
1672 684
1230 624
1893 1877
1287 1474
1712 212
1939 697
676 731
1455 1855
431 1415
480 1699
341 56
1128 1064
1544 1400
1484 1269
1907 11
365 1798
382 145
1434 875
274 1884
1356 758
7 201
513 1942
1838 1540
1395 851
1237 385
498 613
1742 1396
1415 302
179 390
1165 179
685 312
1961 137
11 1832
302 840
1864 858
896 1092
618 76
1310 1889
114 770
1424 380
87 1069
719 857
801 1168
446 1230
1920 1029
474 638
1756 143
172 1962
1424 1259
590 1414
913 1479
164 1939
1975 219
1868 1958
1684 579
1987 1626
1534 1980
997 229
823 1347
1426 1296
1787 1397
1511 1804
1290 1315
280 1675
1022 1596
636 1073
1914 816
91 1625
1855 1299
723 537
790 431
557 1578
1515 647
729 1874
1337 870
275 1609
1459 857
641 67
1741 1555
734 948
402 504
1615 642
807 391
1503 544
542 982
1473 1290
539 1821
585 1269
7 278
207 225
1670 580
1255 653
1184 1562
297 1049
1872 699
1203 1485
1416 1544
507 1356
526 1334
697 963
328 979
256 432
424 93
956 276
165 1610
447 346
1602 894
1018 1077
1972 1983
536 455
1106 383
1372 993
1377 99
1875 1480
1545 782
470 809
1329 1246
1142 1646
1316 435
791 1197
1648 206
1445 823
879 401
831 1446
443 60
901 578
1518 376
1629 834
1513 440
1831 160
1477 1192
458 1381
551 1929
1830 756
1509 144
801 1204
1132 1007
677 1791
259 928
1126 254
967 1251
145 93
1666 1271
896 1958
187 556
885 1524
1738 1471
1792 204
280 1023
814 321
111 733
23 1808
1976 108
490 329
1491 985
1842 37
1128 1325
813 1207
539 1468
430 1031
1269 1716
1338 1325
665 519
187 1420
1617 1731
1281 226
1489 766
1453 1018
1732 1739
287 1244
1492 1625
94 444
773 380
1150 410
843 465
122 1913
65 1839
1182 588
854 1037
1229 178
662 1106
1307 1808
198 1734
1911 176
1491 1670
532 1357
1222 1924
730 1273
332 1354
1972 168
126 1889
1108 1579
1977 753
1418 1874
731 774
1123 624
24 1540
73 421
795 5
423 868
933 1307
1857 256
1844 1462
236 228
335 466
1912 205
1085 1542
967 1527
724 491
1262 745
1133 1557
517 1297
1188 1795
521 1433
1256 1182
1634 663
875 49
904 1423
503 1653
1685 1466
412 822
1907 1564
998 1831
1148 229
52 1591
198 92
816 753
80 469
1978 706
1114 94
830 897
1062 1157
1196 1975
1582 809
1989 1257
1733 736
1891 1617
394 1096
1739 367
451 605
291 166
1356 158
476 213
168 178
1653 1693
1770 1569
120 1139
1319 910
1433 68
355 294
150 903
1736 497
943 1200
1599 354
1490 732
1430 931
1202 1354
1803 1620
270 1950
550 938
173 102
1354 260
1922 1230
1704 1913
188 1357
82 1449
1172 1257
92 1581
1552 1725
1650 1070
1754 1867
1446 1175
855 254
1558 779
348 102
1743 617
1880 324
819 975
1422 100
1864 894
1742 1555
730 1513
905 1088
1893 1827
1594 582
462 1190
687 1866
531 89
343 1457
1330 330
180 298
1157 1566
62 1215
904 1638
926 258
1470 647
314 1333
245 34
1967 1251
732 674
1754 847
1070 1767
565 296
424 1309
1958 1640
41 1685
355 1304
1824 1280
139 1420
396 1019
1384 217
421 433
1336 1121
556 1885
1723 1457
50 463
821 677
331 264
323 418
1879 1755
973 1800
467 66
960 1926
1215 356
569 318
1269 445
1034 768
141 802
1487 1367
1221 823
1749 1701
666 809
1296 281
1034 1920
617 1104
1863 628
160 658
767 378
1753 1676
1188 1712
284 316
1596 185
229 84
133 1193
913 183
45 1047
1820 1658
942 1396
1388 1441
1388 1747
1735 1733
1821 1344
859 140
313 1355
343 1927
1617 1006
809 1583
671 347
1687 161
838 1223
1544 1614
1111 367
106 1076
492 351
1451 594
676 1423
1891 760
1859 682
482 902
1925 1882
515 217
1125 495
461 306
1239 1698
530 580
188 733
1403 37
1747 1391
619 1276
254 1856
1562 1678
530 1850
108 728
1119 635
1234 572
1134 1944
1418 493
764 1625
40 1031
1607 1031
1353 911
1001 1298
452 532
640 509
1257 111
1022 775
389 1792
1162 1157
1432 990
1564 1038
798 968
1929 416
260 669
500 1716
1960 1270
1880 1446
1120 591
750 32
285 885
163 1385
725 859
311 422
32 1929
1016 485
673 949
369 1218
774 272
781 1042
758 728
1011 235
1764 1948
1466 300
842 324
537 1445
865 1042
1378 1572
1471 329
1183 691
926 1608
389 1475
223 64
926 788
435 520
730 1466
669 1671
1878 1413
1158 178
1376 1298
367 67
581 720
35 1602
1885 342
645 1210
327 867
366 1509
1530 1538
730 1176
1069 154
243 1758
851 1192
549 1810
695 184
794 275
285 612
1883 637
1180 54
1271 840
1954 1821
1913 792
1400 1139
691 1258
1250 384
1477 1269
1823 1313
101 937
1635 1107
1530 275
182 1663
971 314
1965 1726
508 1160
527 770
35 1293
1009 1972
732 1620
1813 934
543 1711
145 606
198 1805
442 720
179 1803
293 368
1808 1983
876 64
1667 914
253 1325
302 1008
59 531
734 1237
231 833
1695 436
1007 1393
284 652
1203 1058
1737 893
355 1408
192 512
552 173
1850 1024
1452 1541
1916 1438
1290 786
1376 251
500 1006
385 1556
1841 471
1057 448
1803 1016
159 1329
798 64
476 1426
1364 912
1815 1673
837 721
1077 1304
872 1407
1023 767
940 82
1617 1903
1769 1836
977 860
1674 42
247 1505
1669 648
941 1613
1431 312
37 341
944 1427
1109 395
934 767
1229 426
46 815
238 374
1685 1713
51 1520
649 219
208 1071
683 10
1288 577
826 958
1256 1882
448 1771
1617 1668
982 1797
1885 1080
1141 1290
651 1634
605 1228
692 1846
783 1712
265 283
1517 1028
608 1532
1822 16
371 1330
345 727
1242 592
505 1219
55 1106
1665 882
464 1963
840 1631
7 1566
1252 1990
1274 1843
1729 1143
280 1834
1754 396
593 211
1481 132
975 993
265 102
1931 1548
1540 1480
1760 1179
1314 861
1803 1532
968 1853
407 975
1160 1882
360 728
1189 1023
1357 1547
584 1754
1021 426
499 1377
1599 85
822 461
298 735
129 1698
1467 922
1590 1387
979 685
1475 383
4 1637
604 147
1648 235
294 354
336 770
16 861
1862 1312
745 1996
1828 1122
400 1507
1219 1481
610 1063
322 868
250 957
445 1073
874 156
109 1753
1236 1216
676 1152
1896 973
1131 139
710 1700
900 915
1208 972
519 615
1905 1006
493 1962
257 1503
1791 744
368 1101
968 1887
1101 295
1731 508
324 116
566 1993
854 1245
265 1831
222 1560
1522 310
1810 1400
604 379
1005 961
1967 1657
661 850
1318 1884
1322 867
1332 1709
500 1489
1770 1725
1918 277
1597 1032
1401 325
1265 775
251 490
921 1248
1717 48
1329 1096
648 675
688 158
1795 318
1631 1570
653 1344
295 784
378 741
1733 475
1308 579
298 312
1466 1583
1042 528
1339 278
16 503
1634 1379
1039 1611
925 445
1462 761
122 1353
486 8
314 778
881 718
1678 1160
1048 479
1111 1075
583 672
1793 1506
421 687
771 1035
1238 332
1811 413
746 257
1122 447
35 529
1301 969
513 1987
1368 78
1232 681
384 1083
1266 746
1602 529
458 1222
193 1811
465 61
346 541
763 1838
1886 281
1937 870
455 65
447 735
1795 1023
1817 445
1829 607
1401 1525
668 1480
182 967
1035 138
618 606
1674 77
1971 1717
1045 1983
714 175
1459 420
1221 200
1416 920
276 423
467 1767
298 381
1098 703
947 1907
771 190
1903 179
1170 892
1675 1202
1678 651
1875 1677
1523 1128
54 1207
1156 364
101 895
284 530
944 1509
1171 1020
853 132
391 124
1122 775
1101 1754
955 1279
1758 259
1384 1771
113 708
1837 55
1079 202
1124 1243
1995 1675
747 1931
1604 1471
1212 482
141 1573
353 648
226 1480
326 236
249 1675
106 1800
151 502
860 1697
1995 1944
1290 1160
653 100
349 242
1989 286
1681 248
1067 351
992 554
1574 463
384 1715
276 48
1881 1758
1782 1546
749 780
1216 1495
643 1036
418 1939
1088 626
475 1528
59 1447
1387 1269
766 874
1664 599
1178 665
1407 392
1208 1451
1254 1491
1843 1274
1907 228
1694 39
1197 758
337 1372
1344 1495
777 1478
1915 1162
120 1633
769 1828
891 1768
416 1146
1398 148
1931 441
587 1357
1110 783
1109 359
1445 1155
1735 1365
425 296
994 346
851 50
1555 682
1275 1157
1401 868
1138 538
1976 37
504 909
1735 1827
605 1120
616 1551
259 1386
1037 427
583 475
36 1798
1343 1627
1410 1620
547 111
1263 629
1325 1604
1018 986
1308 1453
1301 1105
581 710
364 465
1088 629
197 508
945 941
1096 1652
801 1659
740 361
1250 1115
53 506
958 988
879 693
98 810
1388 1905
150 189
1556 588
1029 1770
1412 1422
1944 1309
1783 1546
1674 114
698 1678
1696 644
1679 67
1429 1384
1646 1157
111 1121
612 1668
13 315
1831 390
24 1916
256 21
1243 359
43 1397
419 129
1321 116
294 1015
1671 640
796 1993
1974 760
366 770
529 1470
1728 759
997 1259
808 608
1890 644
859 302
1628 1112
1514 1926
731 1135
329 113
1286 1113
207 963
275 1193
982 1919
480 1804
1542 1283
908 1611
691 101
1088 1878
234 1619
735 1579
671 1386
1781 1908
1935 861
1241 1036
1456 555
1625 1386
1991 910
457 791
1320 1978
1915 70
1840 1708
1061 1136
173 1318
1124 1873
717 959
191 291
1913 1241
842 113
248 441
1582 363
267 1622
1962 1889
1468 1961
1083 1176
1682 1821
1747 1574
1124 1655
1825 376
1927 586
1069 1121
705 920
671 755
626 1941
542 1759
299 106
611 1067
488 792
749 632
1521 256
498 763
1684 955
1692 1973
6 875
875 1257
1712 1410
176 212
1390 999
282 512
649 671
592 1273
1982 88
774 138
94 1758
1300 996
462 1831
1151 106
904 560
1562 80
643 914
1175 902
1626 1817
1606 430
1706 582
1491 595
899 1436
1444 739
1217 1631
1307 909
1273 895
999 81
1648 970
1820 1990
1284 663
1133 869
1031 1120
851 1777
1297 1102
1705 112
674 1771
1439 1023
230 1143
327 516
1619 1889
598 908
456 1548
1831 3
908 935
849 1195
882 1753
306 1529
641 1768
1647 718
107 1328
1470 955
408 1012
74 152
591 1054
1685 94
419 1471
1877 1228
1309 1072
863 475
1589 884
680 1150
1305 1171
1286 139
1844 606
1689 1144
887 919
1968 766
577 1586
1482 954
1502 507
1023 1114
315 1423
1345 1286
652 1826
1064 243
522 1286
376 1799
919 198
889 1545
733 964
1331 247
1808 1299
710 1498
1167 1022
1268 1865
1892 952
6 1840
143 1010
210 467
638 14
629 1042
203 1728
1028 238
1099 309
1182 1888
351 803
1892 1610
731 70
1310 1552
1097 1379
1031 1466
1760 1496
224 1806
1002 530
600 1628
1946 1960
383 1810
353 1401
1997 809
1949 402
155 1483
933 1994
766 69
1219 684
465 162
1581 1305
1016 30
1318 1575
223 1170
1518 941
1422 1552
1696 86
1597 1175
1227 1985
17 869
475 1210
877 961
1850 1760
543 1744
1425 372
285 1695
1587 120
715 1735
282 1176
1906 84
1518 248
1823 668
13 718
1475 23
612 1441
556 409
1358 1897
1933 476
1701 1431
1039 1914
232 971
412 1958
294 1484
549 1593
1199 1055
51 1942
1798 1001
1114 147
1974 563
765 407
447 1489
1464 1111
1457 1813
772 1395
1164 1229
1965 1341
29 1825
821 1044
719 277
1474 1860
1187 1834
685 1578
1190 998
1447 881
31 1587
501 1780
1605 1638
1945 1964
473 558
374 1664
501 1634
1860 1337
359 1117
1045 1152
1332 1042
19 1173
1886 420
185 1016
1956 1880
1060 1803
248 1951
732 45
4 1364
1278 1505
1038 1357
1157 98
934 1596
871 1166
729 1170
1641 762
269 515
1604 1973
123 652
404 925
316 1606
1123 1445
334 361
690 1845
122 509
715 1534
1892 979
435 1362
222 1085
704 3
1242 145
1415 1914
613 1037
1442 1128
896 1793
789 14
386 89
1641 1479
1863 464
1038 1940
191 232
669 1297
1627 549
1441 645
1674 780
668 686
1771 754
229 1088
650 1123
1468 1497
700 1311
329 352
1901 802
1001 1233
1657 1195
1629 1189
1449 1043
250 1372
250 1124
1066 271
1299 1311
97 645
242 847
120 244
1863 79
1754 581
1277 374
1341 385
44 469
825 1885
1511 791
1411 353
299 234
530 321
1477 171
957 1901
1807 158
875 16
233 144
973 1596
1482 1421
469 1304
1538 1512
1133 1658
1525 698
579 1341
428 299
614 871
103 1221
1506 1743
862 632
234 1182
979 493
1499 1404
208 1863
260 1047
1058 1714
1855 959
1410 1929
1571 1343
430 912
189 1343
1002 1863
398 345
1348 40
1789 382
1876 851
1381 1740
1014 1267
750 204
696 1662
733 1716
1640 1964
1180 541
342 613
461 1269
955 986
1484 400
285 1690
1054 1359
935 1058
1751 1127
926 147
1801 1634
701 1637
1459 1392
983 1519
464 1232
1638 1371
258 797
695 1801
146 288
100 1387
1352 1176
1607 1135
211 238
992 58
150 424
442 178
1091 838
1902 1778
1315 1193
659 916
253 756
983 1186
1575 1559
193 1354
340 1575
958 779
1899 897
1293 399
1394 1114
947 1445
286 1799
1797 1726
1859 1319
271 1143
1996 523
568 27
631 598
310 782
540 1994
1751 1498
770 1867
55 789
392 758
599 1619
1704 1137
1791 1722
754 447
1322 142
1960 282
737 127
130 1439
619 1075
786 417
62 353
631 716
676 276
580 349
826 1479
1379 1956
892 377
1286 107
496 350
692 1657
729 1384
1651 678
1018 1116
1872 1795
362 1550
872 857
1067 849
952 1824
1500 173
663 1280
724 636
1657 766
1131 1572
1144 688
1030 1503
183 1732
620 735
1826 392
836 1647
1997 1533
1975 562
292 1519
1053 885
138 1729
1843 1628
589 1133
1922 941
1541 1364
1564 1359
1701 738
1063 607
833 226
1440 1212
676 1358
251 1831
892 699
813 1287
1449 474
1995 543
1571 1659
59 76
819 742
123 224
1502 800
1441 325
548 1745
1563 617
1229 476
259 1046
1341 1944
92 1960
1055 1569
271 444
130 85
893 413
45 850
1985 98
134 1352
537 1316
1839 1330
1945 505
896 1756
360 184
5 673
37 1441
638 1071
1917 1653
301 369
1713 1905
1869 848
712 1138
1420 933
205 1512
764 1810
187 1050
334 378
67 1994
596 1019
1679 676
24 932
1041 1797
758 220
1107 1989
20 1019
109 568
1067 425
1096 910
1800 597
293 1813
1505 1150
227 827
107 966
170 1559
1710 1133
1520 1446
1466 1579
747 912
951 1909
593 604
841 1401
381 850
643 121
905 230
1767 264
291 1364
1973 1727
1711 266
791 97
1507 844
611 34
813 842
226 425
1990 1837
1867 945
1031 1945
435 1557
1095 1281
1255 265
1920 735
1103 1882
576 1165
821 661
1483 439
1922 187
1342 867
1956 713
519 1031
1384 1967
1244 1205
1320 1394
464 206
1311 394
9 1741
321 1540
842 1361
1997 1493
437 1666
1208 1983
1776 747
46 1569
586 295
1625 750
439 1580
1800 1684
355 124
957 65
287 1163
1227 1437
798 863
1361 1536
445 206
1494 1275
1269 1280
1945 305
1215 1216
791 149
1830 845
930 1116
1103 69
1423 1932
1292 1012
1731 670
598 713
1660 916
1140 1963
1365 235
1886 856
492 611
1626 1024
53 135
856 419
1137 1313
1588 343
1882 207
245 4
1553 1023
434 373
910 1013
47 1006
348 324
747 586
1266 1532
123 613
1172 897
36 392
369 1235
1288 36
1235 1838
301 576
1478 1193
1210 905
1370 1760
1605 885
404 324
582 161
389 1112
116 147
264 690
324 1002
1662 1453
684 523
775 237
892 1933
1854 902
680 1237
954 235
73 1105
381 1548
984 1340
1157 967
226 1647
938 1261
829 962
1655 218
1997 622
24 1789
1775 338
175 1867
1992 1465
524 481
1118 1677
864 1481
646 1545
472 108
102 1947
1697 1444
1361 1408
1990 1000
750 438
866 1587
913 378
949 889
704 91
1405 1726
739 466
134 12
116 1020
1826 263
1321 1015
444 1943
391 1240
1456 335
1413 919
1632 1871
1732 511
1116 1755
209 1354
139 1761
400 1656
1636 1164
1801 1053
1591 1058
1750 1527
424 1527
1934 1492
1832 559
1464 963
488 1317
567 995
1690 1528
1401 1999
1386 91
957 1254
135 615
511 832
1979 745
643 1628
1019 19
791 878
1587 774
1922 90
876 899
10 0
893 1054
381 716
349 191
674 393
541 1212
1861 190
1790 106
1626 561
1515 1401
1063 889
164 1979
1970 935
17 467
577 600
1194 1968
795 925
139 795
817 629
336 213
371 324
1368 864
1730 1892
1132 1201
427 107
793 1216
1846 1406
543 1341
541 98
1884 1527
331 1111
514 1346
260 1076
106 1627
509 1377
1702 1147
1798 1890
1840 1170
200 1050
29 1547
1975 1634
367 11
1059 223
1376 859
1098 1323
1187 764
1112 1375
1403 1234
1538 18
901 601
1508 762
517 1826
1889 261
1357 868
1227 1299
1576 767
1069 920
1551 96
871 1029
1158 136
1482 95
1128 768
1461 1885
562 1299
1691 1871
1303 208
155 186
551 902
1206 83
1226 1117
208 1615
1572 1117
1072 734
1585 1240
1993 1029
1563 925
744 822
60 1481
906 945
1140 1120
1757 1676
726 1842
1341 909
598 917
1415 950
846 175
188 1019
1919 396
1373 1681
491 29
830 381
684 1563
828 1530
946 818
724 890
478 1598
1754 1880
435 1720
467 1726
916 536
1736 1168
337 1653
383 906
573 1819
1703 1953
1958 48
1273 747
1123 974
1008 958
1072 1855
1546 1930
309 765
834 617
454 840
1674 1808
1811 106
1448 279
1368 157
966 342
1770 1081
209 995
838 578
1696 996
595 954
1025 1523
710 1653
1665 599
151 1738
833 1440
1349 766
1258 1084
1499 1592
1676 744
198 1103
457 486
949 1240
710 1882
1179 254
742 1629
316 1071
1003 844
953 1284
418 635
1002 1249
1468 735
1448 1367
597 1322
41 1708
1902 1469
719 265
481 1318
645 1171
125 872
530 89
1753 705
780 1537
1596 8
518 831
1195 888
972 466
1709 778
771 359
1723 1508
792 5
802 1006
473 1557
1413 1447
849 1715
199 348
1833 1692
1419 1498
437 391
171 1724
1537 177
644 656
1402 1778
1422 1695
630 166
205 1804
311 1771
1280 1658
1746 219
1939 1665
44 1101
1061 1911
908 1510
175 639
735 956
114 1466
1122 996
254 368
1880 1751
424 1283
1263 1381
48 378
1349 750
1164 808
1402 912
1909 1196
280 1442
1892 945
268 1878
401 520
1219 339
1922 1993
1071 569
886 1714
1014 642
1574 942
179 1808
967 309
564 1654
274 555
625 391
764 547
930 15
865 493
1923 361
322 1100
365 1227
1987 346
545 1764
716 752
1786 644
1176 948
105 258
749 110
1947 1858
1155 1064
411 254
1802 345
613 1556
1557 1851
1338 810
1870 594
1279 960
1446 1170
108 1084
1746 681
1117 1646
226 829
1108 48
421 1259
555 144
420 1011
509 954
1760 774
577 879
1303 33
81 930
414 719
1898 1520
1310 1469
985 645
1187 588
1966 1930
1814 763
1696 1238
1171 754
631 488
896 1698
909 443
1213 1320
256 136
886 1386
1737 310
887 1941
303 1962
1420 989
676 1912
1961 550
1644 1392
1409 165
1395 60
1629 740
639 954
1869 1125
1889 1891
1632 558
389 1518
1727 127
802 1277
586 176
1096 484
1320 955
999 672
830 446
120 251
261 323
1516 1885
1666 1968
552 70
1989 649
1193 285
879 319
1513 597
918 850
336 502
1898 731
34 949
443 1911
289 688
1955 29
506 1557
1764 905
1008 31
1981 1437
1242 1828
123 596
345 1581
714 302
1143 649
1554 1216
1286 1948
253 927
1452 458
857 311
828 862
801 1639
1828 465
1298 615
841 1363
941 614
947 685
1237 1034
1999 120
1533 1578
1887 10
1469 1927
968 286
432 1067
1781 1343
1048 468
880 861
565 1891
629 1693
117 1523
1788 1907
264 530
150 906
1322 590
51 236
1500 770
1488 735
1719 1724
752 1042
1371 1194
944 1939
1708 829
880 1518
275 150
1878 701
1262 814
1948 1788
315 1989
576 1710
164 757
931 722
1697 490
475 820
1165 1684
785 1081
1642 499
227 236
378 1095
504 1016
1028 848
1319 156
291 169
159 950
1039 1619
1305 1941
1070 615
741 1933
1890 1943
1316 1618
1498 1875
1160 841
939 622
58 1279
896 986
437 512
1907 1769
1590 1026
1551 1815
1214 1119
1700 1015
90 129
1807 1569
82 259
1830 1261
755 771
52 1781
159 242
1313 854
203 1078
120 199
1427 513
688 1618
364 690
1602 1588
822 671
767 701
1438 1060
978 762
1902 1097
492 716
1519 1231
1056 702
754 1638
928 703
1820 1820
954 520
1187 1581
1112 244
1343 1890
1630 523
1732 1382
779 895
1614 81
1118 54
217 1120
1109 1314
1810 1576
1510 121
1890 1221
1839 999
855 1921
793 160
305 752
1743 1839
1848 53
1438 163
742 653
907 676
1026 8
317 1877
364 1946
543 1361
83 520
487 322
1976 304
956 1537
554 392
1056 125
913 457
1851 1793
1920 1909
1549 1327
1134 716
329 1915
427 593
32 1299
1416 142
45 460
626 1256
606 1255
1940 761
1566 556
1962 1401
1408 1172
1909 1890
367 1438
436 59
470 196
1157 1982
454 1595
988 1937
63 1320
397 683
1330 84
1677 396
1561 1374
1409 1591
1979 42
1500 771
1586 1959
335 1957
813 1618
232 1647
1450 104
1095 407
1896 439
1717 519
1481 1672
1300 1542
1205 896
1242 269
1981 1204
274 654
1300 1041
295 1943
1262 728
898 397
64 1067
479 360
596 950
324 360
1173 1828
78 1312
345 946
858 1838
1815 744
1557 1073
870 341
331 42
1873 1945
1036 530
1293 246
391 835
1587 1847
1303 693
219 1561
1319 1223
321 1194
1339 128
338 448
1780 424
853 672
1512 129
1352 605
713 1998
1823 1881
13 1536
588 1133
1858 660
1446 832
1917 866
152 1474
1728 395
160 609
1077 643
915 1411
294 629
955 1547
1529 1130
1733 1586
1769 854
1217 1736
1630 1879
1907 1517
1183 1309
720 1693
1446 623
995 366
1031 1228
581 49
1966 1392
342 375
361 1309
206 989
254 1877
671 1697
1603 728
888 623
1425 1740
1633 1061
188 1905
1699 1676
520 1110
1906 1912
611 1090
577 1012
1637 352
1450 1815
394 295
1869 1429
893 1272
994 1976
684 1854
1427 66
976 1151
189 1848
1206 1222
157 16
451 720
378 1344
1387 516
1818 1730
126 784
235 346
259 839
1321 829
1524 1546
1495 1790
1706 1450
303 1115
454 1215
617 1268
778 261
1131 132
337 839
914 1868
1528 884
1638 1029
1371 255
1767 1192
1842 36
1106 26
1439 432
1419 416
1857 1851
1705 1831
807 1699
74 1777
1305 9
1319 1396
1867 713
1613 1502
1214 637
1634 1918
252 142
189 63
880 520
1641 1490
369 1360
1433 551
139 451
464 1923
950 680
211 871
622 742
1701 1774
803 1298
1165 1287
311 1366
896 775
91 1330
275 905
888 1533
1080 478
1924 511
857 754
249 310
1286 1455
1203 1777
1168 1760
1871 861
1333 99
1124 1170
1659 1814
1345 587
1861 1748
605 542
651 752
709 454
1353 6
1308 1294
982 1396
1624 1552
938 615
1550 1730
1535 275
626 1400
1782 1222
1300 1448
1173 960
931 1338
1845 61
359 143
1241 1499
1868 1333
1584 710
1979 927
88 1200
1740 1952
0 939
829 511
1198 1066
188 1811
1280 1981
1606 483
39 434
578 370
172 246
1359 1099
1948 1230
1832 1174
175 1231
400 1877
645 1001
1598 644
1224 1896
1219 911
1778 658
13 1824
995 75
215 963
341 412
832 1705
403 1328
1366 249
1447 1917
634 560
1148 542
936 1042
522 367
1249 298
1787 1169
1864 1757
1226 840
1227 867
1357 1179
900 831
650 1063
1631 1666
772 1796
648 710
1063 1658
1239 1668
1363 28
287 1338
1812 1377
753 173
1371 1260
1514 1118
791 1878
353 1119
34 1421
747 248
1952 143
1980 1037
860 191
615 858
1620 1454
6 1451
1517 1402
1509 789
801 1917
24 912
831 1209
1335 732
1731 418
1879 1906
476 989
1595 724
733 114
73 1700
1234 1854
1230 775
538 239
118 369
1106 481
337 1928
63 1779
1523 1333
1496 1734
1225 915
739 345
897 1588
1440 78
887 832
1065 418
1862 843
777 924
345 1981
165 1065
30 1466
996 1650
976 422
151 995
297 724
1048 1644
111 1862
1213 845
1143 1037
1542 128
1157 304
145 361
1679 405
921 524
1884 633
1211 233
219 1053
863 602
170 1943
917 721
899 75
771 290
1045 311
387 1434
551 317
1187 1386
356 275
803 1018
864 1430
128 1204
800 294
1327 443
1588 110
347 771
1799 1791
1918 426
230 496
384 1604
1059 515
713 1949
1170 382
1446 1069
1392 624
1290 1478
517 423
1516 24
536 1736
1138 1457
1801 343
138 544
1881 928
1338 1204
421 325
972 36
745 1142
1248 1898
489 1408
1613 923
477 657
857 876
1823 1674
902 1340
295 1296
72 1376
36 1066
1347 1838
1536 1802
87 238
866 686
1087 324
440 1384
629 850
509 745
866 764
278 1957
25 706
401 1409
645 771
619 877
1351 714
849 92
413 846
1535 1265
727 96
1447 684
332 1889
939 250
872 1079
741 856
460 459
1037 568
284 290
394 1729
503 954
1746 177
485 811
1900 1269
669 711
1364 1216
1993 1975
1520 679
1938 1634
1869 66
1109 1982
1661 137
1094 1506
978 190
342 1979
1252 591
1975 911
1391 395
1356 840
1086 1703
70 1124
1669 931
1809 1608
1553 1688
1487 1593
1466 1899
1045 1293
1793 1107
208 274
1763 1825
114 1424
843 612
1960 529
971 1656
398 1707
1278 1151
1717 275
466 1216
986 1451
968 1013
270 1756
1307 1114
316 1949
96 823
1584 767
22 977
1902 185
483 263
967 77
914 1949
1760 1453
1224 1784
1537 1606
1653 1871
741 995
734 295
42 1213
16 1276
1169 4
1676 1555
957 1506
483 947
309 840
910 1153
688 922
1671 390
399 1325
135 1297
1978 715
1526 1428
223 1319
378 431
1946 707
479 769
860 1685
694 1927
221 1519
27 1664
1182 1375
1734 148
1320 1982
240 1873
440 1964
174 1119
1667 636
24 255
56 1421
1416 1924
751 762
1092 1870
386 463
1845 1312
1405 48
1182 491
496 67
1170 499
772 1258
26 463
1776 496
1524 1364
594 1637
675 1266
823 1627
1052 465
1566 866
1419 643
605 1293
122 146
548 403
1989 541
190 457
593 1361
417 639
1161 1258
1655 938
1244 1722
1491 842
440 1393
855 417
530 803
479 1300
40 1549
1330 242
1846 550
333 522
23 1814
289 1905
9 861
202 90
636 672
1860 460
18 615
1554 949
474 478
612 1870
975 1442
942 1866
884 1708
1249 1665
651 1036
1398 1720
1316 583
1170 179
1271 1464
1579 903
1128 561
462 1710
74 1310
1219 1619
1874 1260
1341 1237
512 1512
1803 1269
1059 616
172 1674
209 1780
813 1080
1492 826
1181 1440
858 1493
1166 1121
575 1940
695 321
493 412
1508 1285
17 1035
1372 513
1691 125
1003 1802
1681 1708
828 209
920 20
450 632
1827 723
1838 10
847 583
1187 828
199 968
950 294
700 640
180 911
1256 1939
538 1831
1684 1429
1911 183
1586 577
355 1955
729 99
1818 1322
198 1873
1506 967
1783 1660
1320 172
962 1524
478 649
791 1745
1625 1274
199 1671
1591 146
1375 856
807 1875
995 1108
1930 1617
1668 1639
560 1402
984 1813
800 1000
1034 1125
7 843
156 1858
982 79
1996 1894
1756 640
1890 1559
199 1828
1165 1154
559 322
1003 767
951 1642
1083 167
795 1319
1888 1990
1405 1005
1572 1844
529 1406
1844 1010
501 980
331 1023
1204 1203
1510 253
874 705
1236 1293
60 784
1675 180
322 1974
749 549
702 1922
387 143
1431 789
571 1931
535 1506
121 863
1132 1599
1558 1531
1202 1330
609 1060
878 341
589 1452
1652 1583
158 467
801 1895
1628 1779
308 809
1962 1652
938 767
1956 1708
1784 1863
383 931
1185 385
1132 721
396 212
544 618
720 1497
1533 824
235 164
1320 1363
1299 430
74 1704
323 625
1898 1312
934 502
1 1854
844 1726
1677 782
1647 320
1296 461
1864 1990
1030 26
755 812
271 1127
1338 216
1457 567
54 556
1275 360
1994 1946
1197 1475
799 736
1579 801
1568 781
274 1867
1995 900
691 1903
1102 706
1501 817
394 66
1659 683
495 1881
850 1969
341 887
1890 823
1611 1116
1982 1382
1673 913
147 1812
236 762
1961 1093
1662 1740
548 1477
1044 1638
1707 1040
1582 1027
34 443
1906 1263
1117 719
100 115
429 1125
1520 848
1503 1263
1172 11
1887 353
330 622
699 779
77 41
703 331
1497 1401
1258 1850
250 1876
137 1508
1633 934
1147 1570
1515 902
978 738
1493 1173
439 1248
151 975
324 617
1709 1080
1710 702
1105 1192
1154 271
1951 518
287 1519
1275 1284
454 113
1481 1619
1692 107
243 1108
552 859
1330 1142
1849 1599
1662 232
1526 683
1198 79
956 1840
40 1617
1594 790
234 1252
87 1020
1744 1139
1136 150
1187 1447
356 301
1621 189
1339 67
272 1597
1453 1394
1978 1265
1457 311
1529 1729
1172 1961
1081 1095
1744 76
1592 1845
912 691
1362 934
1109 513
990 802
580 922
598 377
147 516
27 1204
1887 385
1318 265
1545 1925
458 11
74 1170
669 1476
1363 1865
789 1093
359 816
430 263
411 965
403 1241
367 917
1792 314
1687 1208
600 67
421 1714
1962 1311
1211 1301
196 1621
1616 890
443 837
846 1759
639 451
1092 170
232 0
926 210
1571 408
420 1992
73 35
1878 966
1398 9
1967 1744
788 1989
972 1045
1644 759
1151 1983
837 1586
872 1109
330 304
1396 717
1867 160
1084 581
1376 603
683 1451
316 434
1834 1939
1580 1759
1757 370
84 1269
1129 1076
217 746
1496 847
301 915
395 519
1010 415
807 403
1956 1358
1023 1527
629 1782
1457 729
1165 1866
1973 118
804 364
357 1145
1170 1556
787 1462
323 248
444 1929
1876 1347
1143 0
1490 1556
1984 1490
1651 1717
1865 973
1136 1131
1693 1874
585 1901
1256 464
1342 1644
1554 1719
1851 464
371 1422
1672 561
706 470
137 1615
507 1187
954 614
26 610
1154 1500
1018 539
1125 712
1345 862
399 503
1997 393
182 599
1421 991
1976 1824
1304 1976
1689 108
135 598
781 1203
990 581
1029 363
1009 35
187 146
902 206
1167 1150
1812 1387
69 959
1056 738
1525 1191
848 1857
1043 1716
378 1802
821 921
1284 1865
536 817
1495 1540
86 83
794 1476
1542 6
821 531
562 588
524 1441
13 1718
1898 925
817 1075
200 972
947 778
503 1209
745 1251
1197 917
220 159
1928 1952
142 906
235 900
764 1654
1550 989
1522 828
278 731
82 1632
758 177
859 1752
797 735
107 471
26 244
930 89
565 1663
1430 1445
164 1040
1811 101
425 1925
940 849
1279 820
1025 1758
1105 848
369 323
396 51
1705 1139
1758 1641
1194 170
266 1320
1258 407
421 1934
1353 498
1079 1441
1107 1207
667 883
1379 647
1210 1689
652 355
1430 949
721 960
724 1639
920 1419
725 1118
692 1886
100 1062
1691 542
637 114
215 1335
220 1660
1291 1242
380 546
457 1828
1732 1045
737 1551
98 853
1621 498
378 1576
1753 326
89 1592
431 1921
703 614
982 2000
1233 1745
1966 391
771 1106
1445 466
1227 687
959 1696
951 822
249 32
1867 1981
571 685
1834 513
1531 1014
38 1219
1381 1131
359 1370
1495 404
914 441
275 270
1564 1936
1674 1963
773 1911
1427 1754
270 974
103 86
1016 676
1781 1526
255 803
101 1181
1869 842
1020 401
1322 294
976 1294
1785 725
180 1949
992 78
472 1085
1686 1193
1551 1821
103 489
255 1653
1673 1403
1644 1820
780 1843
928 1352
1229 773
339 428
605 237
1436 297
1996 912
926 1771
1229 1640
423 555
123 145
815 1529
145 90
1552 934
1574 837
1753 547
1842 1156
714 193
1721 278
1190 32
334 894
536 227
1870 115
468 515
104 1823
803 1622
1624 1638
898 902
647 92
1751 1571
248 1412
1509 762
1110 1560
1420 917
1127 1633
122 1845
67 1916
1334 1589
1753 1127
1375 193
1320 872
1029 1662
66 257
14 270
604 193
1496 1641
1151 1194
1378 1281
1166 460
671 1275
1853 712
1922 1451
629 1028
1435 1505
940 1847
700 409
1700 1303
1112 1280
43 1339
279 457
1945 1256
807 1453
666 1493
969 457
590 1199
71 1057
775 720
1702 673
27 673
544 552
777 1914
148 1551
800 946
1916 839
491 190
1710 1490
82 1156
964 879
1232 1203
1037 307
1276 183
348 1160
533 1991
814 1466
297 406
479 1812
449 1459
1934 1920
299 521
1295 1938
1166 1721
899 1520
1579 199
1454 1151
212 1315
1860 1232
1936 1912
1342 736
506 115
1567 586
1645 516
256 689
1627 1844
1246 968
488 746
373 1053
1622 121
729 1738
1615 78
717 1295
271 974
182 3
870 1584
1328 46
1066 435
1313 1783
1687 1039
301 1767
1599 1384
1974 554
287 1295
1438 1120
1828 1541
542 56
1587 1398
1810 638
1868 496
1463 1517
1519 1891
835 1072
988 1603
95 528
347 885
1923 1871
345 538
1867 1981
649 865
1230 129
1500 1916
1040 186
1662 322
1640 1069
139 1945
1123 1311
1013 745
461 1251
1195 431
1459 827
1588 700
862 5
1120 1184
634 303
1741 1003
1997 36
1323 1991
568 1445
155 771
181 1522
1373 347
1243 524
1478 151
1575 1562
1365 1600
182 1572
1946 1114
362 1760
1038 1550
1742 1045
1294 780
908 1528
1181 1261
621 1193
889 46
1685 150
1095 70
874 83
1997 1679
1420 610
423 84
1488 1899
128 1649
1181 1896
1798 1328
1702 512
230 1403
448 1664
885 149
832 1713
672 535
931 130
948 72
1081 486
896 1665
652 744
984 1207
478 410
422 1454
614 378
38 975
1941 167
1017 68
830 542
894 1939
615 317
1837 1387
1351 636
350 330
1492 554
884 592
78 1551
1156 1400
1460 475
673 985
957 1282
1654 674
282 711
887 1052
1942 1573
1796 1207
126 1375
769 577
1653 545
823 835
29 1390
1850 1965
222 193
1740 1350
1432 905
603 1313
1460 287
1580 1517
236 885
1540 998
763 1370
1792 74
705 1324
252 1154
893 984
693 1894
258 1108
123 1129
414 1672
1705 479
887 1662
1458 650
1296 1555
1361 190
108 1179
1338 492
226 874
1246 63
348 1823
1405 1565
1367 607
170 337
366 718
752 412
166 949
803 288
648 676
814 711
748 560
838 1436
308 834
883 291
1585 799
920 1494
726 1157
739 1257
1860 1279
1726 1029
19 339
1199 432
196 1657
948 655
1588 1444
1852 1258
169 172
1119 1562
1620 1164
344 315
1845 1878
1261 188
809 394
1886 885
621 788
1702 278
157 202
825 998
446 801
1744 1044
778 563
712 1014
1887 1371
1384 1775
1740 951
687 97
382 644
1995 1271
1790 879
539 386
69 1911
1367 431
1459 956
1440 473
111 739
1182 1459
1755 1394
822 175
87 550
92 1165
418 1161
784 298
1672 1288
493 85
640 850
83 814
1635 914
956 1004
1248 413
1815 1027
1761 667
1137 1433
361 374
1732 1109
463 173
769 61
14 378
673 541
218 1230
28 1689
312 1646
1231 1733
291 766
277 93
1120 902
138 968
400 829
399 430
1445 1281
1075 71
359 1059
721 574
1571 627
1246 401
1528 1306
502 1179
37 914
677 906
1574 1279
83 401
521 478
277 1898
286 1872
883 479
536 1098
1921 1009
171 511
104 436
1405 1473
835 503
291 24
912 1862
141 932
1931 1590
920 73
1917 4
181 939
61 306
362 947
1442 90
1214 304
816 1145
451 484
1675 706
1570 1627
1507 745
1354 1505
1232 1827
908 1763
1312 1428
1852 1110
695 1844
1196 332
866 168
850 1925
1028 279
346 1102
1627 1264
1323 1106
1100 781
935 1304
285 1404
757 575
1921 1979
806 1142
516 1099
1990 1246
781 1797
1111 956
220 1632
333 1873
1163 1234
330 1188
192 559
1962 1199
442 743
1346 341
911 1058
1049 153
988 469
779 1795
1655 1691
896 875
1132 404
742 1322
1671 63
366 642
968 1673
1330 1223
587 1799
570 427
725 906
125 24
1297 1577
451 618
1323 1831
1999 667
111 718
112 644
655 1448
744 657
276 1378
1376 435
1914 1648
1208 65
1743 1449
1511 1887
989 1457
1558 1831
926 602
350 941
552 1442
1588 956
1843 948
506 1357
1190 521
390 289
1505 1712
917 1500
604 741
940 785
1171 154
292 1100
1457 1182
205 912
1520 129
1664 1870
1282 1806
1633 1986
1729 439
251 724
1878 836
99 529
1526 230
275 469
348 37
1641 1909
273 1963
1893 1102
561 443
414 842
1933 1142
317 1509
230 1789
1398 961
855 1890
780 0
1516 1003
417 528
1007 694
558 1276
647 390
698 933
849 1816
1369 1213
452 53
1955 1863
1153 1805
979 134
1759 1224
558 1833
17 135
1158 873
1841 25
1906 811
1836 858
747 1733
751 1799
901 1669
1356 87
1226 1233
296 1018
223 35
1704 517
162 402
1632 118
108 1209
1569 761
1509 1102
1954 424
785 624
197 185
114 1934
1121 908
1087 986
175 1309
474 931
668 991
1042 899
1861 1675
1215 1517
1061 606
1730 1540
581 37
1291 140
768 848
443 120
1970 1167
1149 916
1912 1689
1537 1330
199 1573
818 459
1760 471
1897 1709
1546 1752
411 372
22 242
1404 1850
783 476
1175 1605
866 996
177 1718
354 1056
1829 293
608 984
1435 602
739 151
1841 28
1349 984
1879 1172
5 755
423 119
632 638
928 1192
942 1774
1120 145
551 1767
1889 519
295 587
1425 571
1074 233
39 593
1519 666
1832 1473
568 992
149 1483
714 1054
251 1968
433 1790
738 1377
1799 1607
804 1347
1148 318
1879 1032
1984 1027
760 812
19 907
56 355
1806 420
1519 311
817 1801
1265 1040
1928 1801
1432 1814
368 1379
106 1665
1842 1022
117 1146
1617 1926
1404 128
49 567
517 1211
204 760
557 172
858 1540
1893 1817
1020 1213
1797 776
1646 1555
189 902
1304 1808
889 29
863 1461
314 142
710 263
1333 650
1350 169
1855 1757
546 1006
1667 796
683 195
741 1151
1419 1128
1313 1157
699 156
1553 910
1014 1729
1135 1655
1357 846
850 1425
792 1904
823 653
1620 332
816 1652
1315 715
558 1788
1112 78
1377 963
1780 1888
698 1855
1478 4
325 1095
37 983
1546 845
1390 169
1970 1538
1215 1927
165 1851
196 871
651 595
1982 223
1168 56
1827 1797
105 1397
205 1708
180 1546
767 190
1627 205
1328 483
1166 986
1733 2000
564 1331
922 293
1624 190
513 942
1243 537
1774 800
1163 1361
1467 485
361 1656
1304 1710
153 1643
1627 1764
103 1736
771 1626
1908 1822
352 1241
1721 733
597 1075
536 786
680 1646
824 55
1684 962
1799 1997
243 1947
887 469
685 1014
688 537
332 763
48 1984
1000 1991
808 1862
478 125
1333 1019
1859 1731
1302 1077
1904 1497
793 1927
474 1444
1073 704
240 1377
135 1591
826 700
1735 541
1055 1166
1316 1499
83 1919
726 1829
198 1746
535 1574
205 472
865 288
1805 821
848 521
1307 1488
1089 683
858 444
73 1838
204 376
954 1286
348 715
1186 1179
1992 665
1641 420
277 1206
1346 1917
149 930
1749 266
66 1806
1547 1730
1444 452
1679 210
1957 348
1222 445
1122 369
1562 256
1181 306
641 1031
1478 1598
1072 1979
1977 746
1242 1310
461 931
1576 1165
655 196
386 1515
597 51
1336 471
1482 897
1055 167
149 516
245 882
315 1536
1839 1768
342 1107
1461 268
1112 314
1108 160
1243 243
1167 39
400 925
1202 3
1887 1445
1010 352
1811 286
1345 1164
965 337
1456 1680
407 916
734 431
1992 1986
154 723
1927 958
1850 813
585 1498
931 1142
1059 344
506 1573
1029 1705
1933 1700
596 1147
1694 1657
684 1829
402 909
1483 1149
644 1479
67 1092
866 1079
199 278
1514 560
1903 1898
1965 786
613 1634
354 884
1883 627
345 637
624 1330
364 193
1575 1459
1401 1641
463 513
458 1233
473 1451
801 1973
1747 114
187 909
615 1101
1782 758
405 1043
1156 1398
780 1809
1568 308
157 1445
271 1844
611 1068
342 268
1013 1740
1628 529
864 631
1715 1619
1500 1372
663 1901
621 1632
1765 1677
871 1872
1759 1997
1990 980
1892 516
441 1054
1947 1355
435 644
120 863
695 816
690 176
278 0
1732 704
1164 1179
1944 760
975 1836
159 1618
798 289
621 1640
1190 1971
524 1640
832 10
944 1677
365 185
1325 282
836 985
1984 870
788 1978
110 641
910 968
1649 1116
874 1269
1261 1640
405 1581
759 1112
270 969
576 274
759 1247
0 1850
1829 1812
1771 1903
437 544
1231 1753
541 1150
298 432
102 1116
1842 1147
1890 1493
1887 1943
1574 1380
980 1207
1432 1071
1969 1587
1063 1460
1823 263
1393 379
1942 1377
1 1217
1938 171
575 616
382 1035
417 291
1841 862
247 445
1628 42
550 465
1860 186
1914 1825
1143 1296
649 1464
802 1361
1312 1451
1709 1741
89 1484
1872 1508
1766 1433
1917 816
152 1747
157 594
1475 1101
1296 903
1347 243
434 437
1783 1424
241 792
1276 371
1765 912
389 464
1480 341
1176 1802
1783 33
199 1743
772 42
480 1172
1935 1274
367 161
187 914
1838 1441
1820 40
72 1710
1071 1073
1626 1062
1977 1265
825 1776
75 1015
929 2
964 818
257 1760
527 728
1457 92
354 524
347 1251
429 1214
245 1933
971 1342
1316 1478
1013 751
1654 1917
1193 578
779 141
1733 23
661 1021
289 213
1111 1941
1360 778
1356 319
1111 1264
110 1655
791 551
175 1375
250 662
1699 1877
251 1620
1452 95
1658 164
1147 1306
1195 1432
578 1874
381 757
1537 1136
83 184
481 762
425 1045
8 561
746 1577
685 1335
1568 952
533 1536
1842 1468
217 1865
1915 580
832 839
612 388
1248 1637
1728 189
737 995
115 1984
1378 407
255 373
1146 1300
1714 1537
1176 74
1030 1819
1301 1494
958 171
433 1332
1012 1804
1754 1046
858 1233
275 1348
1433 1143
1489 1047
1677 507
1264 916
1411 35
1239 1741
248 444
45 566
1522 1647
289 1516
623 124
1547 736
1368 1834
982 1525
249 1401
1458 1343
443 30
1379 78
1607 1313
1509 1610
983 772
748 1235
1000 1501
1967 1984
1195 156
1636 1936
990 785
908 1774
1620 843
1799 162
185 183
1221 1476
150 88
52 721
1633 1494
807 790
1874 187
715 494
784 306
770 731
597 965
1414 1436
601 543
42 981
1309 1852
659 36
1341 930
1174 1710
323 1043
391 1367
872 1637
1293 1733
1060 1231
840 1368
1162 1456
639 1725
1500 856
938 227
1673 880
1411 1727
878 916
954 842
1534 1879
1417 707
506 417
1493 880
759 84
1269 1784
345 1562
122 463
849 1232
1782 1153
1799 1641
492 97
1717 992
578 1544
383 1813
1258 874
1513 1174
1913 1862
403 374
1150 1724
937 1893
29 361
85 302
1978 436
903 223
1403 174
1038 1493
1062 577
1606 1252
801 1238
1037 1047
396 1974
709 1569
1599 1349
160 1803
821 1379
1583 716
1865 1092
1618 214
551 1933
1194 847
1758 92
165 1938
1362 1004
617 102
398 196
1720 1748
439 1266
775 1047
938 1837
281 132
1562 191
994 541
1462 1496
509 505
0 1177
1608 688
1106 1791
975 601
1323 438
849 1219
1164 1646
63 482
1498 1765
912 1666
1574 5
1778 191
564 160
1547 832
1204 1262
1591 484
1944 751
83 1314
1759 1549
1196 1600
1736 1431
1469 1147
1079 389
765 459
847 1383
477 561
236 1927
1420 193
1177 949
410 1272
406 1320
1550 607
1165 1840
996 1529
1049 1231
1967 641
1462 1711
1358 1780
546 1135
767 1382
560 1613
1681 726
722 953
1967 855
1235 737
1245 152
1146 1868
1440 432
1145 1962
577 645
166 124
437 1959
417 785
1259 1921
1813 614
1178 91
513 1529
1373 1697
1174 714
540 1175
1129 1350
1521 1074
94 158
1385 1843
180 888
200 1468
1600 120
332 264
1094 231
191 1149
1646 811
96 1381
1770 113
777 1255
624 382
434 1595
226 962
1121 1051
1895 393
1904 959
604 139
478 1742
1460 1335
820 1772
1084 111
196 652
1649 338
290 1543
1397 518
66 100
464 1573
1591 1627
1046 1074
1272 289
362 1604
1526 1838
53 1040
1748 75
1210 1215
905 679
56 1364
1899 1385
376 378
1818 1410
966 1705
1336 275
183 927
1391 1042
480 478
1998 311
780 1034
1764 1363
1627 395
1925 624
688 1606
499 71
1489 323
1477 795
1374 129
1210 1809
1336 1273
1016 1321
351 1072
416 1283
1757 1143
1820 1062
559 530
886 210
563 7
1054 1788
1704 1798
11 620
1964 1800
1774 908
1003 1658
1654 40
1205 351
560 1324
1337 925
46 524
1356 272
1128 242
376 792
1249 1035
1208 1902
1434 854
1702 64
1190 328
762 324
224 525
657 1232
268 1294
1985 1139
966 1352
1665 1570
638 1497
1941 1269
1014 1466
759 21
1799 698
1641 909
716 1437
1452 819
1954 1608
593 1995
605 1916
811 454
1487 1145
4 1381
1718 1225
1060 1039
841 1002
1521 812
1550 328
256 129
930 312
763 1623
1071 780
1187 6
805 1527
1252 1521
635 796
819 1475
1018 163
1430 1914
171 831
633 330
624 1628
1419 1880
509 299
1830 1774
1320 52
1440 885
614 51
128 1332
11 533
1385 464
326 216
1438 628
452 1305
263 1912
924 1542
1535 48
634 1766
1534 1931
1391 816
1693 98
123 162
712 1593
1041 1347
1510 1426
976 1385
936 417
1766 326
895 1770
1607 51
1954 1381
634 742
954 96
109 1906
1331 1389
89 1462
858 213
1228 504
72 129
952 125
172 908
944 1697
125 421
750 1108
1767 1303
425 327
957 1740
1674 1204
908 5
1426 1261
1976 421
1535 1730
1515 624
1387 1407
1348 631
1956 1532
853 1376
1655 1448
29 678
1039 1923
442 1916
1051 1784
42 377
1473 1313
1770 1751
64 1617
864 851
1544 896
1533 1331
1246 880
865 120
1482 634
645 305
1051 364
199 1619
1876 917
1663 805
279 1618
1985 1534
509 926
1013 1825
407 1259
686 238
397 843
653 1383
917 1311
1366 1820
1187 1206
833 969
312 1332
34 781
1542 697
436 1665
213 118
897 1020
655 1383
1145 1560
506 197
56 315
1186 1948
557 913
659 630
406 458
108 1402
1899 1347
411 737
1624 69
371 1557
328 727
644 1451
490 1764
994 567
1582 322
1618 1494
132 419
363 1726
1278 1668
1507 1987
961 1850
534 284
457 1209
1703 1530
1505 32
791 1863
1651 1135
1335 136
116 1732
1891 1163
1670 511
1579 680
1704 1013
785 1846
1502 548
1788 1369
1128 119
78 1871
296 314
577 1280
1519 329
738 555
1576 1336
716 1886
600 978
176 1988
1156 1257
343 1874
1115 1685
1620 1545
247 140
318 599
1094 467
1223 777
1167 645
1906 608
766 1214
868 438
1432 781
1748 637
1466 1007
1031 336
1213 1403
1829 52
1775 883
1002 1641
582 1934
113 1663
294 77
1555 1901
1602 362
976 1627
1546 1012
576 749
31 1906
863 477
1466 339
415 0
440 1597
634 783
1600 1639
91 1304
1992 1707
816 1014
1691 562
327 1032
58 1764
569 1851
1328 1624
826 534
52 1663
974 547
420 19
596 1529
550 593
1997 255
62 38
1550 427
140 1017
1344 1713
1597 434
1041 1599
92 99
326 478
1950 1001
465 688
1108 631
1360 1124
1501 105
1311 691
524 321
514 1136
1918 1880
265 756
1752 181
1924 1330
363 139
1200 1863
1354 131
1441 1803
408 1801
580 1326
617 1463
431 1103
436 1419
1298 338
159 280
1760 1049
1624 1072
865 578
23 1939
1830 1714
1302 1850
1491 507
405 1374
1234 1038
1593 1801
1885 1620
1727 1529
579 538
1021 1185
624 755
106 1523
774 1945
1932 336
197 1121
1348 729
1846 1949
1487 702
1654 524
408 1305
1633 1156
850 766
7 1609
1446 256
1830 1695
70 1297
1164 768
265 1492
456 790
1582 733
209 423
334 81
51 810
1893 1611
525 468
521 588
1246 1136
393 487
410 1783
1663 562
1840 1756
421 1988
340 1679
906 535
960 424
99 1649
1321 647
1197 1050
1820 288
1297 66
1936 268
1932 428
694 739
1475 7
1077 945
291 605
1751 232
714 1955
1706 1023
1432 1245
567 962
1323 1605
961 343
1136 1559
1844 1711
1938 1315
1803 502
284 1975
526 204
362 1446
1928 1715
217 165
1334 1693
1383 610
1910 1539
1291 1153
1245 80
552 69
577 754
1489 865
1792 1213
1427 1348
1969 1227
1235 1515
722 1741
526 1204
68 1421
46 474
1147 1385
1574 670
1673 582
1963 175
599 1423
412 185
771 701
1687 48
176 43
725 1115
1706 708
1380 383
1336 391
1217 1407
59 570
322 563
1473 434
1381 1263
1730 141
950 1249
1733 1836
124 1210
23 1315
1376 1234
1426 895
538 489
1561 1324
1707 1664
187 1794
418 880
71 813
410 424
540 985
33 393
1265 95
948 426
1736 965
229 642
1411 136
291 701
206 1041
1842 1595
1062 1660
219 1251
252 527
158 644
1156 960
9 663
623 809
1620 1770
874 147
990 1084
656 490
604 1550
789 1600
1337 1896
1244 215
97 489
135 991
1898 868
509 75
164 952
388 590
1309 431
564 1992
348 1186
1909 787
1162 1073
656 230
87 326
1578 1189
590 657
1001 166
730 1879
206 1115
1401 408
456 1273
782 219
1564 759
973 501
1624 554
1309 1022
1362 79
444 536
1491 230
1820 633
397 385
1263 119
1713 1556
986 1251
896 351
898 1333
850 692
1151 373
776 77
1112 817
1282 166
443 1177
1612 489
555 760
1269 1297
175 1937
287 1334
1611 656
589 974
617 1834
610 141
1843 1059
1348 1741
424 641
12 819
1007 1886
762 976
585 404
1506 414
1397 298
115 1249
1198 1271
1846 947
676 647
1645 405
368 1012
1042 1843
974 203
595 631
899 277
301 1775
792 20
273 1734
740 645
302 1792
873 216
301 1550
259 857
1966 1566
514 215
1132 641
1992 380
932 1049
620 1361
39 1132
1120 512
1894 824
1371 1574
586 460
69 954
530 716
1111 642
586 1434
1890 1104
1351 1424
1859 424
195 1760
645 1535
896 1766
685 350
326 700
160 929
1043 726
466 98
1688 662
1905 767
520 415
1543 456
417 1000
901 1357
993 1387
1760 1311
1200 1024
1124 1756
1446 72
746 1596
1889 290
196 1512
151 736
1584 1271
260 1643
1593 330
1386 1611
819 1151
419 1559
1525 811
880 1176
1921 879
1988 1258
59 1054
1083 885
832 640
1939 622
1786 1688
937 780
586 1485
969 754
1095 1042
301 1076
113 1985
170 1678
1549 1109
1114 1144
196 989
1055 1545
975 578
1890 677
175 1471
1091 99
142 1041
1721 160
961 492
1155 1438
1809 1698
741 1195
53 525
1441 1185
971 280
1411 633
1735 839
1474 1789
819 189
257 574
1812 310
1171 137
442 1510
658 190
495 1194
1276 1124
1581 645
1803 1478
1194 1320
288 1769
837 964
1261 1635
1569 1476
370 352
1691 649
158 1473
331 1267
840 748
773 159
1333 1685
1612 1602
1078 591
1840 1886
1147 1545
401 337
680 1742
1217 1601
808 163
513 799
1602 1548
1401 412
339 1261
81 934
1585 1702
665 186
345 476
1110 1626
1475 271
437 1161
1379 1317
1585 1009
179 916
1230 265
883 667
1140 1274
1069 1384
1229 1247
982 274
1567 1319
1070 1294
540 1594
934 1217
1250 416
1924 816
1739 705
734 169
1957 1558
1162 897
244 489
81 729
33 684
1041 272
1640 1451
304 1713
2 607
1883 1769
921 1023
1618 1627
522 1821
698 1990
1056 613
1755 1130
12 408
979 759
1195 1359
170 1774
1684 1475
857 797
878 824
1783 345
1173 1442
1710 1253
1017 365
826 929
1516 490
445 1621
840 816
357 722
992 1510
1659 1994
654 169
814 1861
1637 312
1513 1837
1901 1946
1106 601
788 1223
453 8
1149 761
228 455
935 1245
1442 318
605 1659
533 414
755 1562
1467 1711
312 1428
1237 1893
71 98
1797 1577
1629 1789
1051 303
1130 703
119 1083
108 121
334 1920
708 964
308 1275
914 704
1851 569
99 746
1866 1814
1647 1085
492 226
47 111
1619 1178
48 17
106 1498
757 1550
931 683
700 1611
1752 118
514 1068
1556 705
1584 946
1954 1074
1940 230
498 641
330 1062
783 84
1873 1602
1599 1344
149 1004
411 789
1453 23
745 1477
260 938
1921 1471
1510 645
1590 575
1094 209
460 1034
1378 1718
757 653
1747 916
1481 522
714 257
969 1891
125 152
602 1120
932 1654
661 661
804 725
1171 167
1337 95
323 1127
1831 1920
559 149
838 928
613 1128
1312 1760
1138 1834
563 928
654 410
836 1821
728 1656
128 713
1291 178
295 1541
1347 727
987 1001
671 1153
1870 1126
27 58
527 1961
1030 1238
544 354
406 1462
1290 913
1485 1278
440 1178
1115 442
1143 387
1969 547
1375 322
914 182
1971 825
771 1093
461 673
751 1636
1023 564
719 835
1805 713
998 1672
1406 1016
1090 1610
582 1657
242 1498
1262 1764
1086 575
23 1691
1422 855
1227 843
1113 524
1322 520
1636 1759
76 365
1952 1711
1712 141
293 637
846 554
1760 163
572 823
391 397
526 1766
594 1179
338 1088
722 756
22 335
1079 1876
1224 1450
1075 431
780 1585
288 449
774 348
1542 1912
11 40
830 1436
1668 197
106 435
1754 1250
1876 479
1919 978
161 1633
945 1475
676 1421
1171 1992
1977 447
676 1960
67 1769
1958 1122
838 706
1337 23
1202 1455
286 1360
1057 1651
597 741
69 911
774 976
1070 1199
1689 18
1808 1099
318 240
1577 1577
846 1520
59 1656
766 466
1492 1384
1823 1846
1325 905
304 1741
900 1685
1527 1127
79 1759
732 87
1241 778
750 65
1051 1295
1690 11
687 1263
1705 1362
1587 1702
361 1857
1472 765
1127 1810
465 1721
175 1614
1638 681
1284 1189
1064 433
549 797
539 699
888 647
472 602
535 230
657 707
1504 1592
1441 1943
357 588
85 73
11 242
1965 945
1803 418
876 446
1473 287
1791 411
114 981
519 210
872 1188
1826 210
763 902
864 1702
793 1129
1306 1746
612 796
1773 116
1457 1326
470 465
735 863
76 492
1403 1141
1901 650
909 1559
405 566
416 1471
1383 1261
749 1174
1724 1414
469 677
1368 431
1474 1289
1577 870
1051 65
1496 314
1473 261
1696 1995
647 63
912 692
1157 973
1179 32
1590 804
48 1996
174 1855
1600 1037
1579 1333
1660 689
1676 1876
1659 1728
1983 1878
379 911
1042 1232
1897 1333
479 1149
1350 1971
1299 1625
443 1823
906 753
533 1535
1944 1971
1623 351
609 945
1813 569
1304 863
1531 1867
824 27
25 253
1067 1940
1725 510
1786 119
210 1284
1540 1627
1050 834
1425 1806
1695 1727
169 747
761 169
133 264
705 1976
779 1843
1128 291
1758 1581
816 788
1319 89
1087 1252
1323 8
1516 1417
1554 1682
1976 22
693 1359
670 1676
769 1099
764 314
4 216
746 1185
326 1664
81 983
1358 642
1348 500
438 436
254 433
999 1338
1644 554
67 529
708 0
640 1735
425 1165
473 1122
1853 901
1157 1235
1800 873
1037 1854
765 472
1555 682
1541 641
952 281
149 1698
1513 1523
1080 1909
960 1207
172 1681
813 1334
1249 1666
1036 587
1153 1706
1555 608
643 467
1497 1756
138 550
418 1745
1806 857
920 1932
288 1909
1703 1587
456 1405
875 65
434 1629
1727 839
696 702
18 1876
364 913
1631 1091
127 960
1427 223
1476 1412
557 1762
828 682
998 893
934 1907
1218 1481
1714 1919
87 1855
323 999
115 1185
1762 812
1620 1752
399 1777
351 1692
1308 1083
499 60
512 238
1243 192
1014 1867
1371 1372
361 355
1316 619
880 1343
865 75
1911 1486
701 1087
571 285
558 1085
1935 396
625 1299
995 455
1160 1568
1329 1179
67 494
1257 631
160 608
897 1959
99 597
421 1059
43 1072
946 269
819 819
1953 1527
1529 1204
978 170
678 245
348 221
20 174
1923 1081
859 148
107 1317
1325 382
813 1170
570 1583
1307 769
35 1752
777 1490
566 1187
887 1314
840 1967
1625 34
156 546
44 1598
1754 1740
1614 1882
1004 1198
865 1153
1561 688
1343 1249
1995 1530
950 1394
392 1364
1630 644
439 73
211 600
165 337
1105 448
1950 955
348 1591
325 1063
1287 503
15 1718
1663 1870
1365 1952
119 727
229 1583
1568 562
255 1547
1093 58
24 75
743 1349
379 449
628 17
1260 469
107 370
726 1391
1711 1380
483 22
964 952
1427 1235
539 1934
1387 1774
805 1357
1508 1156
1625 1719
783 713
50 857
1302 397
949 1747
498 1859
187 1163
19 350
1922 1976
91 639
1582 1302
1482 383
1922 1876
305 806
416 1795
1568 1217
175 1268
1484 37
1478 1027
835 216
1111 1540
285 1509
43 33
1050 156
1561 1640
146 1046
870 340
1187 602
1493 220
1129 1065
142 1107
1111 1983
1812 1217
336 1843
60 1293
730 522
1057 302
753 546
1364 1984
210 0
504 1180
1862 446
1117 994
42 780
1903 185
1871 1958
1827 1958
101 1301
900 857
11 1806
15 195
1423 281
37 495
761 1743
184 407
60 1018
1886 1111
1734 278
634 1350
1795 215
1648 819
1888 1365
101 406
399 1020
1618 1452
1716 1221
500 770
210 575
1053 1070
1475 378
937 451
1854 221
1787 1569
1436 174
1678 552
375 240
638 393
463 435
1174 1758
1198 772
1187 347
1273 1638
1642 1070
859 404
719 1397
1723 1334
193 1998
1829 1487
1199 919
310 1448
903 459
1180 1713
602 1536
420 795
200 1566
1188 1943
389 1770
1687 1187
1112 2000
201 76
672 180
54 1224
1350 112
535 1327
131 824
1662 1018
1668 1234
1293 1926
1171 671
101 543
298 1811
126 1413
1145 521
1515 133
192 1950
241 233
219 271
926 677
1874 203
1624 1174
1326 1652
1961 1249
95 485
37 866
584 1518
446 206
481 923
940 959
352 147
750 1278
256 1505
102 1149
1005 578
552 1466
1405 167
1245 1424
603 509
1877 728
1732 1344
839 1366
266 495
1676 778
1992 627
369 821
169 1720
1777 715
1675 186
1065 890
1315 842
1784 462
1039 1889
1506 451
431 836
1652 906
1120 1858
1510 1999
945 834
389 1547
1311 684
1547 758
1521 283
596 971
1223 860
117 1263
755 1760
726 639
738 1892
267 599
642 82
1102 1112
255 672
46 284
1927 15
1156 375
1018 485
1400 1144
438 1622
1033 1869
704 575
1104 682
1058 36
1964 576
317 750
306 1802
267 1137
670 1647
1136 148
1661 1905
79 1796
174 1699
1321 1318
1040 1477
1851 135
811 476
1486 1584
1137 300
1621 1401
3 1177
1254 458
1929 410
481 300
467 636
789 1577
1742 1289
1022 1993
1550 197
856 448
1899 467
1243 1714
1219 1542
1903 900
1131 1629
877 447
1174 776
511 770
1267 1016
1308 1096
1146 1891
105 1427
190 1875
128 1260
1320 361
1231 1255
1259 1352
1817 465
1387 1465
1233 1558
1750 1719
557 1043
874 1945
1494 738
411 1878
573 847
1390 142
382 1264
1612 864
1481 731
1768 1637
1859 168
284 1645
838 1470
1321 17
1919 1212
1551 441
198 11
214 395
62 1439
1607 899
224 113
1248 842
1265 259
861 1722
1835 168
562 919
1694 1728
841 1430
559 1395
1477 1247
1394 958
366 619
970 1090
711 1999
1432 753
261 333
1784 105
1108 1649
1174 924
1832 471
712 1379
590 780
92 1725
1626 1979
1505 967
1803 1658
1956 1826
1096 1747
1373 1886
880 546
335 1832
1272 1581
1781 504
1341 872
1854 1002
837 663
1231 1702
1225 307
434 1802
733 39
78 1406
1101 656
1965 1680
576 910
6 1752
1199 1293
1896 788
637 480
1420 1043
609 1214
167 1290
232 633
407 1189
1321 939
315 1901
675 1960
1654 121
1488 1114
1014 1417
1797 110
508 45
656 1934
1875 1745
39 1403
380 1242
1598 1224
965 1708
1350 124
74 1013
498 1105
973 1566
1697 1226
1415 1338
487 1945
1267 127
1852 1057
1857 74
906 487
1699 1289
440 1067
389 647
1656 290
1136 1354
869 375
1191 842
919 1650
1723 462
553 1514
1065 812
1099 1476
821 1041
1450 285
1901 1569
1694 1835
504 13
289 471
825 845
724 20
678 741
1085 1994
1532 1336
1148 1241
839 170
1136 1213
1840 32
1548 1341
601 1775
1500 1562
1856 1919
312 747
1338 945
919 651
295 1765
1277 1452
24 1779
1724 1311
460 674
544 592
98 782
180 1759
830 1237
1056 1537
112 1925
312 1725
408 1643
1864 908
1160 581
983 684
473 718
1698 1529
1851 585
1135 1824
811 598
895 500
1312 1210
481 1798
577 1859
1788 1961
357 285
433 101
802 1712
1151 1879
1703 1471
1351 153
1765 245
243 266
1389 1213
1375 521
330 466
935 1069
1606 647
94 890
286 1981
963 1148
723 1637
834 185
1608 870
1875 1552
1976 362
730 1214
383 365
1410 426
1329 55
675 1692
619 129
302 1118
351 1093
46 1422
152 551
1120 545
140 1453
396 1297
371 1234
370 236
338 1577
1826 1747
186 854
871 370
1953 480
1726 1463
561 513
1725 627
1012 944
1495 1982
1608 1854
637 967
1794 1570
890 941
1509 773
1864 1518
644 1154
1735 965
517 1831
949 880
1628 287
1343 1622
1541 1802
1410 1318
1935 955
1953 1209
931 566
1222 1118
677 284
1513 1459
962 1162
700 1819
1791 694
88 439
1544 151
969 1797
207 1507
1679 434
261 1818
1694 563
1208 336
243 1060
1812 1148
280 1150
1778 1850
884 714
84 1915
1354 406
1895 832
1362 162
405 1154
1654 837
1657 1694
193 211
654 1028
278 1246
1013 1757
343 514
1797 775
1769 100
3 428
1411 1972
1138 212
46 1147
1889 216
1191 863
1 910
1477 961
930 1856
1696 1837
714 694
781 421
1171 1281
356 1686
439 133
672 1776
554 1121
670 1473
920 877
338 1857
1170 475
31 1178
1420 695
1866 1893
1772 232
1578 604
100 1505
1092 1461
380 1202
1721 1322
29 490
1864 206
763 1380
505 987
728 776
1534 485
1027 1702
1356 1993
1153 1082
1683 1099
745 1152
1355 1309
1545 830
523 1464
1995 1719
492 690
399 722
1654 696
439 660
1878 992
780 1462
1451 1401
1542 1907
516 1557
315 663
755 1688
1550 1425
477 1210
148 1504
1653 1616
258 1595
575 1378
302 1873
1762 434
1540 93
70 67
125 1925
1593 816
1472 1782
1601 1916
1674 139
1155 600
561 25
1623 763
64 18
349 1401
353 411
1914 1361
1556 1963
1722 767
946 12
1811 1162
1294 1371
1108 872
1846 323
454 1873
1795 990
923 1542
826 1788
1457 810
828 1124
1569 297
561 1576
1786 273
400 1537
548 607
1121 1785
145 1626
1197 155
655 1788
524 503
77 34
1826 217
587 926
1301 114
905 1452
595 1564
1270 1734
1133 672
1157 395
167 970
107 747
933 1083
1541 689
1969 1271
1980 257
1693 1278
1769 232
1738 1343
852 1114
481 393
138 1670
1620 1597
546 1333
697 1520
1753 1123
849 1141
106 677
325 464
1843 1131
1439 1116
1573 1928
1512 891
1583 1319
1303 620
1107 508
158 704
1339 1095
1688 1773
1319 1034
304 610
449 374
1327 1260
171 1087
969 375
121 516
69 1650
1022 332
1354 1731
1372 981
1130 129
764 1912
579 1122
1826 1487
445 1482
1884 1722
334 1358
1012 1130
1345 1451
464 1551
27 1007
858 913
259 1212
814 1502
380 1633
1392 598
1726 1071
740 1412
337 123
625 719
1506 677
289 1813
508 1912
518 1815
694 303
139 99
1745 431
177 473
1233 1035
1934 1650
1467 1400
1292 436
1802 951
1821 1942
549 1702
1997 1954
1749 1644
329 435
1431 1146
920 1083
1068 1839
790 657
1234 543
514 909
1671 1968
1212 1550
1330 929
702 1747
927 1187
1696 129
863 1808
296 1748
1 1997
739 43
1549 6
1668 75
903 321
1577 1033
952 1559
1519 107
657 709
1812 1863
1994 776
513 1696
11 1553
1662 664
972 76
1370 1019
1329 1832
1665 45
564 232
1485 685
550 1405
637 596
804 568
1070 1838
1778 1505
621 1850
764 1896
223 886
522 490
839 1260
21 1947
687 1770
1726 1755
265 152
1612 408
1711 1924
1652 1584
1119 1171
1204 780
1527 1071
605 43
1647 1393
1328 1409
1867 603
1377 936
737 289
172 1439
897 841
243 1299
537 1885
873 940
528 921
148 1123
1001 566
1286 69
917 1212
933 1410
1831 391
1771 242
1925 1905
1461 752
1200 218
1724 76
161 1482
419 376
1066 1216
594 1183
1032 837
449 1394
762 619
1015 1017
1329 165
214 935
679 410
464 868
863 1914
1765 1343
326 1183
1858 136
1161 465
1931 1329
1880 1490
377 1402
1084 1244
1689 291
1795 778
198 1373
614 1052
1942 1030
1810 785
1978 153
806 851
187 1004
960 255
194 906
1940 1306
1848 1117
1319 898
396 492
306 1312
1567 974
1314 1864
1066 1854
1761 919
183 465
290 1887
1664 1924
1443 1368
1271 439
1802 1655
259 617
1944 1093
1146 1612
17 1163
1508 436
864 457
1885 202
394 326
1737 1848
1568 319
458 810
837 1560
1020 1040
1820 139
1975 1040
632 848
684 678
225 33
1393 684
1487 756
978 1973
276 922
175 1859
741 1415
1035 212
536 647
13 258
1733 941
27 212
831 735
1188 686
569 1718
1650 1388
1354 1437
591 1488
955 529
1932 1224
1904 1900
1830 1167
1612 1319
1846 1556
198 1620
1868 181
440 59
1527 731
638 4
1730 648
221 338
1627 670
1622 1735
1137 31
1504 187
1517 1806
268 844
493 838
1327 331
121 1177
468 1116
1161 29
1372 630
661 278
326 1450
1920 1951
1429 357
742 571
1434 1028
440 1067
203 87
1228 241
1930 1480
1554 511
1803 1793
1088 240
128 1065
1969 1288
1113 863
813 69
765 1851
1702 1726
755 781
1644 972
1960 707
1518 817
1465 585
215 181
517 882
1255 1061
1074 1619
142 1550
1776 1461
1445 1286
672 1330
1895 1694
569 413
1824 1356
561 1596
117 1985
1403 1038
482 990
518 940
1399 643
931 118
594 1414
391 106
651 970
236 1739
1029 1566
1435 566
1633 269
844 1944
1391 955
1738 1119
1843 1487
1154 797
965 337
319 1152
567 597
141 453
1141 1492
1395 682
5 1207
328 1140
1453 318
886 311
658 588
1954 677
514 1426
1218 1973
1980 1852
642 889
1711 1047
153 252
756 1505
1564 156
1367 740
1174 482
1995 751
1137 76
1694 503
1594 1055
368 471
1408 1270
1749 31
9 225
768 801
1384 445
31 842
236 1474
948 752
389 1393
1152 1795
1276 1630
188 183
50 174
1212 1726
865 1119
1412 60
379 723
1188 1144
665 290
1452 1416
208 1796
1904 1364
1474 793
1917 1236
1544 1295
1215 1841
176 984
280 1907
197 1165
1163 1703
1330 1589
1807 1622
1656 899
1368 946
777 865
1252 22
284 84
1748 964
1277 885
1696 1960
1411 226
1230 1453
1169 1586
606 392
1276 387
1568 1929
1316 1318
62 1908
1014 608
1799 1461
605 1214
271 1281
717 110
1807 690
848 1004
1388 551
987 1319
1309 430
1019 1441
956 1797
1054 1641
1157 358
863 643
912 784
1451 1862
669 1402
1370 90
1454 1960
474 163
241 789
1268 1454
951 701
17 422
1165 719
1374 117
1556 1232
347 91
667 1515
277 1901
1996 1472
600 1222
966 534
625 488
159 169
1780 1379
1055 1087
1994 1965
1025 767
1238 594
472 1014
328 619
208 1789
453 1027
1123 384
422 914
191 1829
1038 935
142 1641
683 1169
43 334
1057 1023
724 1899
614 1690
906 445
377 1719
1770 1559
1165 354
1715 953
362 1075
1468 1981
603 1416
795 1622
384 133
1259 472
742 362
650 1289
1568 440
338 1713
1155 1597
897 141
1113 377
623 749
1378 811
1119 1008
1447 297
568 1363
1495 350
1395 115
929 610
1748 1550
1614 528
366 117
205 778
1224 1578
970 228
108 701
1214 1648
1400 425
1010 1415
164 1924
518 1162
867 1360
1847 369
77 375
980 520
1269 1247
622 1054
651 599
986 787
1992 595
975 1804
1667 381
267 786
704 482
921 631
1887 1046
1094 1296
1340 1438
639 118
462 1212
777 91
849 523
1236 860
799 1182
1715 663
1270 1160
66 1938
927 1066
984 450
1306 289
437 123
830 1526
67 364
1302 1534
1436 573
1309 1269
36 1974
1637 394
438 1038
302 941
904 150
1620 1725
566 1744
956 1624
1896 1
615 498
7 1405
733 1937
1728 1948
1514 553
200 21
1892 572
1171 905
1084 1780
386 507
372 1981
1824 721
1291 90
324 811
1074 1983
135 543
157 730
1991 413
428 320
91 557
1819 1235
1309 1836
1927 1367
99 699
1370 1819
573 548
1281 1395
19 1071
15 30
189 1093
474 1283
1029 1213
922 1442
588 1704
1660 367
552 1276
574 1803
748 1293
79 1509
290 105
375 510
1499 306
320 1502
293 894
132 1833
1491 1729
959 1312
661 826
1352 627
1760 658
9 1450
320 1629
478 797
1539 1666
216 822
1011 667
1897 879
1360 1400
1191 1101
858 1348
97 1984
444 233
1057 744
1622 609
598 482
245 1987
574 975
105 1584
583 1676
452 838
1057 216
51 1925
1114 242
1405 437
1461 718
1341 1758
390 747
1377 461
1793 1682
215 551
808 1265
1943 1435
1519 1821
1482 1917
1729 288
1234 907
1729 14
1480 1488
604 901
1832 1492
1298 1232
788 616
555 1327
1301 920
301 1034
1280 1167
1763 769
561 1994
1205 343
1815 343
55 324
878 782
1489 753
112 1848
1725 1884
293 273
921 571
411 863
1201 722
949 204
885 944
721 108
658 1907
1697 261
1246 914
1397 1595
541 1927
1980 1537
1779 1873
1287 1372
1005 574
29 83
1133 1975
342 684
1977 152
361 1392
452 279
323 156
1188 956
242 970
705 332
751 1646
1373 838
1879 1103
601 911
908 1097
1667 467
728 1382
703 1102
1954 1215
363 2
114 724
993 644
1820 469
457 606
965 1250
765 435
1539 183
1413 554
1068 1060
696 1223
1477 485
1085 1470
135 944
1576 901
200 830
1731 770
1213 955
376 560
424 1494
829 1047
657 840
1703 824
1818 1057
294 1314
390 230
219 796
1675 978
1716 762
920 1058
1322 1530
1764 513
495 443
1069 334
333 222
808 1819
1383 325
485 1727
778 753
1395 209
506 276
692 1234
1093 294
580 1721
1134 1669
1184 181
1223 149
168 1525
1287 1783
658 65
852 518
459 1349
659 667
392 1846
287 1453
1702 1798
446 1919
81 1842
1981 459
134 868
1523 440
1649 1486
352 454
1377 151
1693 51
167 136
816 851
1314 1267
990 1790
386 616
940 1200
1830 1205
1148 1500
1787 100
193 750
79 528
1959 814
1083 1726
672 191
758 1642
700 1736
1551 331
1415 1917
518 274
388 1360
1656 339
649 895
827 1448
1024 1252
491 1204
708 1935
495 1862
1874 796
1393 1628
1804 1692
453 1973
909 1278
1557 600
1028 1512
1084 886
1569 479
1149 735
52 1653
760 553
328 1585
1216 483
1747 1889
881 1425
1576 487
1420 1283
1085 1567
63 539
1077 1449
1059 843
53 849
132 1756
1806 1142
464 583
1507 1628
883 1735
598 1785
1536 1307
341 1524
1466 1122
322 322
1380 474
1174 1130
1197 136
1083 1978
1879 864
1189 582
795 1927
873 1782
1073 1650
1190 1879
1186 1034
1292 154
1015 596
1219 420
83 562
169 475
1209 235
340 1166
497 450
1950 1705
1576 1871
274 926
291 944
130 714
1933 46
166 1665
466 1518
1398 1567
1730 514
1799 118
1002 1815
1500 1025
1883 366
323 528
979 360
343 1897
340 984
565 675
1821 1452
330 1898
21 170
36 1511
1026 684
991 548
534 881
898 648
1751 1600
794 1366
792 693
1567 1326
515 1727
1263 1607
1695 1608
386 1521
230 1894
647 1202
1926 1613
1110 1417
252 357
863 77
252 1588
1977 410
1021 1018
306 1089
1796 1115
752 880
818 1355
804 505
142 1165
1322 1556
338 342
1858 424
632 1276
1637 950
529 860
1225 1952
1151 1685
1664 1464
1240 727
728 1648
1597 611
55 1360
652 88
884 1568
1170 972
1824 1907
307 901
1688 230
129 858
806 1551
473 1737
286 1271
1739 1233
1003 1009
1932 618
618 1457
721 632
1742 341
1180 1436
1042 803
760 145
831 1655
313 925
1333 633
1619 930
895 844
1120 241
406 673
1737 551
1570 91
294 645
1828 1773
81 209
977 285
1504 196
1118 345
415 850
929 91
707 827
278 1145
1363 943
1237 990
503 481
1765 1358
935 1314
1783 1105
224 142
1599 144
1804 1960
1151 1345
1031 1808
1777 1724
1293 1748
1351 1657
1600 1351
1765 1404
1948 138
1344 933
1620 1619
59 1450
981 1751
1178 1112
1970 737
936 564
1696 21
1012 264
1570 739
1118 477
1117 335
741 622
1294 359
1494 711
55 277
1021 1786
1074 298
145 723
532 242
344 106
635 814
1855 1790
1422 1300
1018 993
25 366
1541 1111
1949 1203
1188 1301
1569 1111
1512 656
283 637
909 1745
1701 1977
948 431
1630 1186
34 477
667 480
250 644
1001 1906
1639 58
1744 954
888 1247
432 1626
1516 849
1451 1299
617 889
1783 121
54 628
1635 367
1471 1473
1282 1883
1719 1141
1224 1563
1567 607
460 1459
706 540
975 1523
1194 641
39 135
119 558
1065 1647
91 1859
1882 1967
1665 359
1334 1246
1330 1046
1999 955
1997 1005
570 587
1014 1581
776 314
1226 1818
989 997
980 1858
1259 1469
577 1153
134 234
601 673
819 1296
1443 1772
1266 1588
276 1812
656 1948
858 1415
1689 1826
1105 436
1474 1964
1837 1609
76 1954
750 367
1831 100
1278 1334
449 1478
1150 1806
1934 511
584 924
1534 1106
1205 1139
16 1560
1959 1128
565 502
651 944
1506 1878
732 1272
1074 1588
1311 257
1312 1548
1420 481
837 1364
1763 906
848 1506
1611 315
1535 1684
11 1414
1409 1403
1279 724
678 1767
525 1900
778 1747
1198 1233
755 1077
200 1755
359 1574
1459 1440
1863 1486
843 738
1659 83
1002 1466
239 388
1148 1266
1978 1220
1546 466
257 1081
1633 1190
749 719
1310 1055
1885 559
520 1564
90 1527
603 182
791 1100
21 387
812 1831
270 1461
1576 77
1447 317
871 1793
1119 1941
1069 1631
46 365
482 1506
269 1706
1107 1351
193 510
479 1887
5 1212
1693 1753
1554 117
1194 540
1259 340
786 243
957 23
1738 1704
1954 976
791 1527
1815 681
1053 1307
759 526
379 1835
1033 1728
1040 1123
1272 188
1409 1764
1339 1831
1025 154
952 1080
1454 623
1555 248
1224 1694
36 1384
27 1443
375 1316
1884 1447
895 1937
1957 81
889 1520
345 398
387 865
1432 279
1261 1703
1978 391
462 1241
33 696
736 79
1442 346
98 1653
1646 1564
586 1541
808 1679
1635 550
1486 1147
515 74
601 1539
729 1844
123 1230
236 1929
330 1652
156 1689
627 1310
1568 243
1997 859
637 1660
1035 1479
418 82
292 1286
675 454
208 159
1152 1597
648 249
1311 1589
419 1443
1120 1746
1284 121
1568 1425
663 27
1487 240
1965 1245
1619 909
1293 983
1889 931
1428 1055
609 1300
269 1258
911 20
1932 1475
1003 1674
567 523
689 1186
382 5
710 586
1589 732
735 1659
1216 1935
1634 323
1344 1586
1018 683
140 1096
1038 926
1439 1360
1499 1640
390 1965
1827 24
1224 2
451 896
66 457
852 1940
1475 1853
8 1857
1198 547
134 1663
816 186
11 871
1398 1935
1601 726
237 661
669 31
1574 1547
1869 590
992 1256
1908 1096
182 1773
835 1007
324 491
1824 593
1834 62
562 1334
62 809
1103 1532
958 50
380 378
1435 1941
699 196
111 1938
1065 859
915 1416
1095 151
1515 220
1312 836
1670 1808
1343 1651
1690 1851
1443 1836
879 678
135 35
6 1336
1249 399
192 1352
965 264
577 1768
1011 1153
584 1225
6 1266
829 151
1605 528
808 872
247 796
1813 769
1159 49
1587 569
1052 1221
1529 1138
1946 119
423 474
964 551
1608 310
1362 20
220 653
1360 948
1578 539
518 135
588 426
41 1938
1475 563
1820 1076
166 1939
1426 1959
501 599
172 1212
548 1480
200 898
174 506
988 797
1837 1774
35 18
1315 685
208 891
639 1915
1309 767
1940 1208
356 81
1236 1503
84 1379
75 824
74 1566
1657 856
715 1767
1792 1063
885 839
821 1693
758 1963
1638 791
151 1457
998 61
1323 701
1075 1816
1151 1672
1637 728
1090 720
835 8
114 1158
1801 1816
1041 457
176 1009
710 1121
1840 1820
332 1071
545 704
1966 1363
50 1061
299 945
896 1651
637 1226
607 71
636 1205
563 1107
1486 1302
46 1540
290 642
1818 902
1104 1490
1481 131
1122 559
783 1213
1916 107
990 703
1768 1200
1579 232
625 1574
1654 1732
205 1834
1247 1822
1405 781
10 172
1157 1446
1958 1734
1862 631
1379 214
739 637
441 1945
1836 1146
1230 1537
550 1789
963 1968
1264 583
205 681
258 932
1960 283
1252 46
931 1268
508 604
983 268
1930 1236
444 452
896 1083
709 1556
1776 321
1250 977
1171 1587
1673 1837
1285 843
1536 660
825 1692
1797 564
1550 963
698 554
1760 1948
1224 1984
1978 1092
1565 987
1727 806
697 795
823 790
902 644
1975 1406
1134 7
441 947
635 1102
1639 65
704 514
1042 1480
1275 1101
632 387
212 1228
952 1712
996 441
194 504
1713 326
1387 1783
741 91
356 553
37 669
172 693
261 552
897 105
1798 134
1063 1399
645 1368
1142 1338
1838 1948
969 1307
729 769
142 432
167 628
1482 961
1286 1145
1041 834
1092 1828
884 789
218 413
1041 1987
1852 465
1838 1817
773 1534
790 1471
1456 1498
1111 612
557 1681
1265 1708
1907 403
33 162
1925 816
1061 1921
831 586
1554 763
1367 491
755 1399
1074 1424
522 1719
1460 1098
831 771
1697 1538
456 562
1510 1766
1253 1735
379 380
1177 1348
982 48
796 1039
1963 440
195 1995
1510 1280
1784 1184
1258 119
1117 1180
308 1341
505 1687
306 271
756 801
1539 783
1006 368
200 355
1595 1349
329 348
1690 1338
1715 1383
1699 1331
1371 377
602 452
1072 1565
1047 834
1482 1986
308 833
786 837
420 752
1977 185
1160 1209
327 759
791 953
1969 1025
16 1050
16 1531
1195 1602
1973 495
170 1732
916 1977
1474 331
478 1041
1521 1502
1588 1968
1540 1456
1666 91
1632 568
216 105
1046 1394
195 398
718 267
862 1299
187 1225
457 430
1829 229
1887 1880
497 1463
1445 720
1535 1370
201 637
719 1482
1304 1009
207 1119
1416 251
501 886
205 213
100 904
1369 1155
537 613
76 361
1051 689
1586 238
1055 1054
1878 1096
729 1166
69 1517
250 1662
513 1719
1913 935
1777 115
1353 464
1172 1017
573 1603
903 1720
1570 174
1767 234
827 818
1836 1712
854 150
113 520
1160 514
1256 624
524 459
1892 710
1600 710
1787 1139
591 1612
1440 465
1555 351
804 4
237 526
162 1351
1966 436
1627 817
1285 725
473 96
1771 1443
1158 901
1817 1879
1518 1790
597 1376
671 1385
1444 187
1045 1495
614 1627
758 1931
1976 1451
1411 406
25 1004
213 953
382 833
1928 1287
278 34
1206 1441
209 937
56 408
470 1999
892 1004
1758 892
759 70
621 1074
1269 447
847 1672
1732 1023
1196 1024
1814 648
1107 1625
1792 1679
1901 1628
1974 1215
1296 643
604 1833
941 1245
235 1
250 366
835 1049
470 1513
848 1398
1775 47
1730 752
1309 247
69 1438
1942 549
1061 130
201 1466
1305 1015
336 235
999 619
100 936
819 411
1934 1973
1247 1034
1251 1319
631 1817
1337 1876
1364 496
1661 1551
850 1669
714 1079
1969 1411
1873 1566
1296 1104
235 352
1386 959
805 984
1577 1344
696 1404
1530 1630
1907 1761
564 888
1901 135
1037 1662
1636 1610
1876 1619
160 795
1566 644
913 841
1775 859
102 1246
1155 619
906 280
1398 1952
520 136
1584 1388
413 363
328 1377
331 1514
347 1060
1048 1776
1706 845
1811 1414
1681 1206
1284 1626
286 760
1626 592
605 459
395 1533
1891 769
222 340
1873 175
1214 404
394 1742
1855 1577
274 1055
487 1817
1493 229
1536 538
1349 1204
1674 1504
892 892
167 1333
34 1825
1471 970
134 1140
1263 467
1049 517
1858 985
1543 1605
872 871
763 229
369 1921
1752 1267
443 1173
559 528
1613 1740
697 1698
1535 241
203 293
1210 185
1671 1092
1770 398
1780 967
1913 67
1650 1878
1958 853
920 1504
726 312
1575 1410
1753 814
1293 85
564 998
1310 1571
1997 985
957 926
1969 1815
1762 144
1717 242
1198 1739
167 335
306 482
115 1265
1843 982
1775 1247
996 1300
1771 128
453 225
1182 1687
405 1826
1895 162
1086 1056
1045 546
496 1715
1933 1110
28 452
1935 72
770 596
746 941
617 14
774 867
1197 647
742 1828
854 951
1501 1721
301 375
387 1026
1767 603
926 1780
256 2000
99 1682
635 839
1611 1375
559 1685
1965 1214
820 1800
328 1991
863 1827
1689 950
1867 1143
245 530
660 1664
1485 1049
488 696
1085 413
1643 871
1579 1551
1979 311
366 1296
1911 1867
634 1968
568 307
652 968
178 1923
1919 1122
664 1083
1621 719
2000 820
610 951
1149 1750
337 1838
304 963
531 1678
941 1441
1026 1103
1768 1384
1480 1700
1633 106
1220 827
426 1184
1162 1853
1637 364
631 1881
408 957
1993 1537
153 1278
1046 1736
1766 263
1327 851
1734 1555
1704 370
565 1109
1428 432
183 311
1932 678
172 321
942 1485
1335 1761
1819 1219
133 792
711 1749
1023 1649
978 1780
541 1341
155 1144
1879 877
53 960
1865 20
57 396
471 1386
1625 1217
787 1681
827 324
131 1063
576 1897
1263 1517
1937 1614
1473 798
275 1840
1592 194
1012 645
1540 1839
1641 72
528 308
906 1319
1557 1824
1592 276
142 1530
1616 1713
1494 332
1537 548
683 1887
1103 1980
350 950
191 1601
1377 479
960 357
1284 1170
67 967
1378 161
1555 1146
1789 724
1754 1138
772 1675
1663 937
419 1715
532 1505
1281 1554
1111 1723
1582 1812
1522 838
1152 1166
1600 1214
1687 1708
598 400
84 1032
1220 671
313 1585
1667 177
1749 848
1552 1387
671 259
849 243
195 260
1421 1040
921 1527
1369 1048
1031 640
672 1219
1614 864
1916 1292
1338 1520
167 95
1663 1084
1726 1610
1068 254
107 1741
1381 1318
327 1193
1753 1020
1927 499
852 196
736 61
404 1845
900 1388
617 1225
469 158
1312 171
597 1020
1917 852
1959 816
494 384
1628 966
892 512
1429 656
1516 744
17 885
1630 1470
1841 82
1657 471
251 1363
1622 477
14 1855
239 1072
1228 941
819 1023
1689 554
1978 416
244 1153
1084 1758
1684 87
1995 1630
930 714
1709 1120
1843 1721
1637 1701
714 576
133 1691
865 587
82 360
997 235
1946 1018
658 266
385 1462
898 400
1780 1483
820 1157
1028 1044
129 818
1987 335
1007 182
1024 1105
222 328
1957 1667
1432 1974
1381 1177
438 25
1954 1209
440 1912
281 1890
434 108
1330 601
1842 166
1750 1122
355 1307
655 69
1179 1334
102 1909
1217 1082
1650 866
1705 664
1473 1976
1899 1488
930 1772
1768 89
25 1220
1266 244
79 1580
611 1034
790 1400
1606 1855
462 1048
890 1663
193 538
1763 1282
174 360
1412 1868
144 100
269 1550
1478 1400
1263 1643
1755 1054
760 1393
1019 1744
1954 1013
1419 1550
1516 1083
148 1712
727 148
1828 1869
891 581
142 1818
1817 1733
142 970
472 1940
270 1950
422 1254
1498 1405
8 1663
1522 1809
1922 1384
1589 184
882 798
1941 1958
1561 1503
593 473
1118 288
916 948
1807 338
1539 1083
1469 1409
145 89
154 710
1575 610
416 846
518 510
183 1787
1777 310
536 667
1240 1111
1339 392
352 1425
1866 504
1775 1991
1501 1295
431 232
342 344
1033 493
196 1955
35 824
5 441
738 1709
62 487
1766 285
1723 405
26 1857
135 56
875 430
1663 207
853 108
870 1314
832 132
1427 1002
732 35
978 1424
873 1535
6 437
603 945
187 720
1616 757
456 1744
346 1969
1442 1484
420 1316
87 1073
744 54
1626 825
1030 1125
391 485
9 1211
1498 1873
1377 1286
489 848
561 1492
1275 1887
1034 1159
1710 453
1701 505
684 1129
104 213
942 1348
620 179
698 233
1364 1204
438 1200
740 1749
1199 1737
1998 1690
485 390
1214 855
278 1427
1130 428
1549 948
799 1741
958 345
314 753
14 727
939 407
1840 1589
991 679
1568 544
134 733
919 1357
705 1503
253 1113
1170 1151
364 119
1831 1618
573 1456
1 1825
159 1857
1468 1779
39 1934
985 1207
483 1253
418 1041
1713 1908
1774 1007
791 593
1650 1918
1194 1047
1970 1939
1062 763
165 1080
71 631
102 1459
552 1041
827 1244
120 957
1769 1310
1999 1069
1885 1220
847 991
119 1477
1263 1717
1405 1339
448 480
1293 534
1494 1355
1669 913
846 1515
1491 293
455 1141
1853 984
686 872
1470 1753
1340 458
1018 1982
1438 275
366 852
384 1078
1090 1982
1899 323
938 1442
211 1690
123 1291
1977 1870
1343 991
318 1134
1483 31
1163 1614
729 845
1519 941
1982 172
1246 7
230 1709
1549 977
183 451
1514 333
819 1225
173 131
1335 821
375 186
1629 295
1893 1818
1836 430
512 1967
463 951
1118 1910
1686 467
1438 1996
1715 1392
413 306
179 1905
789 623
621 1420
1752 1855
1904 1924
1042 263
1783 626
1217 559
628 1275
1379 319
1238 703
910 1489
1532 1562
1406 763
1182 1460
557 1957
482 756
634 68
1292 259
1670 436
1708 802
921 861
1643 1394
1833 184
1788 1159
516 1415
1555 625
806 853
357 1342
138 299
342 1510
520 987
1612 1551
153 765
1126 142
1854 1173
1335 1044
1580 1733
60 1161
1814 1991
1510 1257
778 1639
661 1856
129 1056
406 949
1283 776
455 104
1216 19
1813 1932
607 271
1638 1931
1828 904
1518 1904
189 1832
1672 1175
1344 1315
1614 1439
1360 68
683 312
299 1021
993 425
368 1483
991 1575
911 327
1118 1997
320 1955
227 776
1678 233
296 1754
983 1313
733 1545
1452 865
680 372
1631 1787
1886 749
792 1377
8 1968
114 1513
1461 1093
119 770
490 1075
27 405
1842 1830
37 622
954 355
459 359
665 302
1949 581
1952 920
787 627
1357 991
1132 855
907 1883
1865 1461
1529 809
799 1308
1124 4
1461 804
1390 396
1613 1740
167 1767
582 1514
967 373
1284 1712
915 7
1802 1538
473 1930
954 1416
1804 331
1315 54
1104 1385
1017 1641
628 1240
351 713
294 1617
46 113
166 1435
3 47
1446 1909
1899 70
1464 1035
665 1247
1310 1684
341 1592
122 1020
1459 817
1527 532
1072 55
1559 1038
404 1656
1608 1856
1965 453
822 1252
490 806
245 1675
16 721
381 1474
567 894
1321 311
616 1326
1804 1765
667 1624
1485 1466
1138 936
1506 643
272 159
1236 1435
1691 1692
119 995
1453 310
1656 804
1713 1203
1564 703
1614 278
1586 478
652 373
1036 1369
951 1777
227 360
791 924
1781 1601
1080 1223
17 1055
1639 103
304 1492
994 1876
1714 1963
16 1451
856 1632
600 1862
1772 1714
1382 592
1926 513
1815 1325
1920 1950
48 574
1238 568
1012 1279
1213 924
640 507
1492 908
217 1539
1863 1263
555 1797
180 1671
1784 197
1687 338
787 684
139 944
1060 1189
467 1861
486 1496
738 646
862 725
299 1869
1170 1673
1100 716
1278 1433
1103 901
206 1371
1438 1101
990 1681
972 1697
769 1347
1671 1761
1414 909
59 487
878 484
443 560
1705 1192
580 255
1856 561
389 469
168 812
870 919
1586 251
227 148
251 62
903 871
1212 1643
1358 1090
493 736
783 1897
1524 1953
1078 980
1739 1939
894 385
1709 511
514 34
296 932
1775 991
197 1173
1326 952
746 244
335 1157
376 1170
1189 574
184 1248
1602 1609
519 156
1293 882
1544 827
1947 1583
85 149
1757 1172
655 528
1898 15
218 520
469 1551
688 1359
452 1795
1676 1888
994 190
44 715
503 815
1765 1665
852 1878
281 117
249 893
672 1592
594 1469
949 620
177 1716
482 891
1048 1693
165 656
1434 1775
1516 931
1757 499
1683 385
1043 1397
531 440
1316 36
1686 1402
635 198
378 792
1311 1761
1832 370
726 963
1612 4
926 3
1950 337
293 1096
1669 425
820 1841
505 1465
1475 1108
1564 1920
476 243
754 126
278 34
1670 1846
1850 1033
1572 1796
1236 1291
261 1439
402 1890
1844 111
1256 1560
957 1255
1554 7
1065 1741
459 1021
1748 373
1903 375
1646 1761
1832 1557
374 1056
1454 574
265 293
1663 1915
1272 1553
1702 1950
1070 1912
1326 1866
1544 1019
1896 362
1689 1325
1018 742
667 91
104 320
218 709
119 1773
638 673
1864 1062
1958 773
525 290
1261 1956
1598 10
352 1307
1181 750
675 1258
1200 1408
1877 294
80 498
1180 362
1579 838
1432 710
1792 836
328 595
1617 22
269 1084
1025 841
462 355
1986 137
212 212
1780 1263
1044 1069
1053 340
169 974
884 1469
999 513
709 581
609 1731
851 1637
1106 1172
1137 1517
1629 995
397 319
1491 1593
712 1262
855 1696
501 1698
371 1977
307 1849
1466 1811
534 113
1338 362
745 434
64 295
893 229
1073 1206
1826 1451
392 204
708 1193
77 1658
27 1980
817 895
98 1578
1312 1071
1825 513
545 611
1759 1780
323 1334
209 463
1233 1500
141 518
18 1539
1338 1406
260 219
261 1691
1358 1801
1295 1444
1233 723
1029 1262
1867 1414
1052 1880
1006 1621
1291 1401
1715 1736
739 770
1696 1254
850 755
1415 1832
804 1133
1993 764
142 539
1514 0
1753 14
1754 1075
1535 481
1571 1666
940 1945
147 1634
513 643
1851 1291
966 2
1214 1718
1324 579
791 44
779 1737
931 1119
541 1140
1176 546
1027 258
59 175
726 523
1348 250
169 919
1371 237
1455 903
1242 1156
1375 1341
1092 922
761 964
1554 55
289 1778
835 486
1666 424
576 672
648 1769
1252 1016
290 1754
1554 1833
1943 1385
921 1976
1137 655
462 1001
1683 1052
1708 721
1977 453
145 454
799 1428
203 83
1427 651
107 1537
805 1586
990 676
1203 1597
1455 883
1078 1324
1082 1983
704 1201
735 267
1303 1575
1295 10
1078 1093
1404 1754
1330 283
971 88
1478 100
1608 494
1540 1963
1515 1989
1278 1622
1 439
792 1321
1639 246
242 610
1557 679
1412 30
997 645
989 766
279 1113
325 648
891 437
1463 344
94 1703
1276 1056
1352 1780
903 1885
1022 1599
1015 996
1166 208
982 1404
1985 343
628 689
1335 790
706 1096
330 501
462 814
1877 72
16 98
704 1284
1323 1995
1802 806
565 75
1357 422
1736 1068
497 1979
1596 881
1259 551
1677 1346
1588 1310
1063 581
426 1214
1692 310
201 1687
1405 1802
1907 1882
254 506
519 1534
705 973
1093 1978
150 653
173 1990
402 794
208 1865
953 1247
435 735
345 438
564 326
33 1291
769 1547
1642 1821
442 572
1063 756
948 1411
917 1223
395 759
310 1385
1386 1381
1839 410
1739 542
303 740
351 1532
377 60
316 62
125 92
75 654
1145 1437
920 1592
1074 1304
382 1988
1200 1601
1208 689
17 1329
502 1002
1802 380
1501 1871
211 1731
1835 1788
1680 866
1856 1180
1209 1943
1610 1058
749 415
1231 1885
1137 633
1218 1145
797 197
1218 310
444 1369
727 162
267 869
1562 333
1038 1714
1436 1121
1055 1934
978 88
598 1471
1552 1917
673 838
1577 129
911 1571
45 1908
42 1291
325 596
1937 82
1048 1686
1866 247
671 695
1847 1366
524 90
237 605
33 723
1588 1565
1378 1901
829 777
626 417
834 1344
538 453
1049 1925
1120 1497
124 802
1573 1690
1339 1465
1544 954
403 1390
1989 1221
943 1802
815 1093
1222 1876
1243 827
866 1081
1056 1244
1534 192
1239 874
859 1822
1059 1110
245 1579
1221 636
59 660
96 335
527 1850
864 896
567 1418
1361 1245
1390 436
1130 242
435 1230
1857 1213
156 1900
1756 77
1469 1721
1632 157
338 1769
931 1653
385 1157
950 444
141 441
730 1458
1195 1363
1663 76
1273 547
403 1392
464 600
610 499
1711 135
401 839
1257 1553
946 1068
1201 251
227 59
502 1246
814 830
597 1968
798 1356
1561 989
655 664
1320 230
620 1731
465 1345
778 1307
1476 1377
688 1430
958 1242
1067 209
1800 125
521 791
111 998
1619 1988
1698 745
1801 624
686 1801
1654 341
1882 935
1836 648
17 409
1516 874
1119 906
1998 757
728 1527
1833 376
28 875
523 279
1110 111
115 422
1451 1292
1363 841
617 1807
837 1150
731 241
1288 575
444 1032
1164 115
1058 1676
242 1039
828 1587
551 873
1059 1408
91 246
34 1259
1410 1708
506 23
1663 2
890 1506
53 1525
1426 711
1356 868
953 1711
309 770
1048 1200
1081 708
1415 1527
1266 1899
264 967
1730 1718
459 368
1099 368
1168 1146
1316 673
91 115
1119 967
1468 1355
1732 1517
1112 1668
586 1039
1552 728
206 1650
1293 387
686 1252
782 1501
617 167
598 1439
356 1616
1935 1519
784 1333
1567 407
373 346
1717 1154
5 960
189 177
27 639
483 550
1590 231
290 1800
1787 1092
1851 842
1079 663
1640 1410
1750 1684
494 583
1570 847
864 1139
973 520
62 1100
1831 40
545 1491
663 174
1613 219
439 78
852 1822
1148 204
939 421
779 611
1885 156
517 1
511 125
561 235
1834 1687
1080 1263
231 1459
1356 96
310 1705
1492 993
1910 1463
1096 21
356 1906
1670 138
20 1408
809 79
1534 1721
567 985
1045 817
689 58
803 1358
835 1169
1851 1961
1873 115
786 1617
1644 285
477 317
284 748
977 697
91 421
1705 1442
205 1443
1354 1990
606 1560
1279 1037
102 709
493 1439
1299 1130
1430 504
1149 407
1789 954
396 837
33 1568
163 612
799 1584
625 217
1803 1329
1748 1957
822 1814
622 199
1482 251
1156 1148
963 799
33 872
1058 1674
1328 767
944 1232
1383 854
1149 68
1691 934
986 1002
1476 1916
1105 1899
1486 241
994 1618
39 1134
158 1384
1479 1209
1562 917
1903 1658
1529 83
430 1048
633 1263
607 200
1351 1874
1465 38
302 1242
1814 1059
1791 445
617 1370
1689 1807
719 1570
698 1650
1472 795
1490 364
889 1678
871 263
487 854
189 133
1846 928
587 1742
267 1515
1287 761
350 1189
175 907
479 831
1772 443
1801 1912
1059 1612
1722 1471
857 1550
126 1485
462 1014
1613 1530
1774 1912
1741 1211
199 1416
1811 1862
52 333
548 334
1402 251
1648 63
93 619
297 744
199 1455
914 972
1450 905
138 978
1255 798
1873 846
1109 1804
1753 1571
1063 1417
1460 722
1050 821
1302 1145
408 401
1730 1776
1414 1738
1496 998
320 880
680 1652
867 915
360 1381
565 1465
213 706
9 1687
805 1714
1823 270
750 1691
91 1621
584 574
90 1779
855 1920
1324 136
1566 812
952 273
405 1743
29 1713
545 132
1646 1287
74 794
1280 1788
248 1280
1234 617
1458 1130
1564 1530
1756 1146
1306 996
1005 899
1165 864
1982 587
476 239
897 1154
352 43
1105 1260
1884 1223
1092 1188
467 759
1792 93
1333 376
1454 971
506 1885
840 153
531 1097
712 1707
911 201
60 1784
872 1700
1778 388
1811 842
1083 1406
1096 976
714 623
1898 1943
1263 1041
103 419
426 1441
1611 1251
1911 508
896 995
971 1821
489 1735
1963 883
755 998
1485 1789
240 1748
425 833
637 1678
1674 1451
31 1605
212 874
521 621
1960 158
364 318
778 612
221 1084
87 1042
1301 1528
1054 393
1897 174
1184 458
1904 1032
1347 1975
1230 1501
1243 1108
589 658
63 441
1405 1599
45 863
715 318
64 361
1217 221
814 1253
1149 1775
408 1522
1232 1577
1682 295
1383 655
766 143
1892 412
1036 652
945 988
480 1995
316 1346
1792 1485
531 798
831 1576
980 1887
267 849
924 1671
1201 521
573 1477
665 422
49 351
818 266
1035 211
1898 630
1846 1260
449 1179
197 306
1785 752
517 1617
569 1102
149 809
144 1342
1608 930
595 111
383 1449
1602 985
256 135
342 1549
376 569
347 816
388 1866
57 1139
1386 520
1697 1473
1433 1598
1248 1820
1150 937
